32768  32768  32  22566553  22441965  2634372
32768  32768  64  12388594  12388235  2634372
32768  32768  96  9754769  9804775  2634372
32768  32768  128  8123712  8269950  2634372
32768  32768  160  9101433  9424292  2634372
32768  32768  192  8132837  8651058  2634372
32768  32768  224  7557578  8322988  2634372
32768  32768  256  7078284  8137878  2634372
32768  32768  288  6782598  8120920  2634372
32768  32768  320  6449200  8061168  2634372
32768  32768  352  6258591  8144804  2634372
32768  32768  384  6021940  8224375  2634372
32768  32768  416  5916532  8409504  2634372
32768  32768  448  5737952  8517974  2634372
32768  32768  480  5618874  8683543  2634372
32768  32768  512  5509339  8885182  2634372
32768  32768  640  5204127  9757179  2634372
32768  32768  768  5005848  10690830  2634372
32768  32768  896  4846425  11784049  2634372
32768  32768  1024  4707216  12808475  2634372
32768  32768  1152  4637090  13887933  2634372
32768  32768  1280  4560599  14964612  2634372
32768  32768  1408  4518235  16112415  2634372
32768  32768  1536  4493142  17240540  2634372
32768  32768  1664  4460871  18348973  2634372
32768  32768  1792  4425306  19504330  2634372
32768  32768  1920  4401836  20719225  2634372
32768  32768  2048  4393461  21899540  2634372