16384  16384  32  3818176  3740213  497368
16384  16384  64  2198699  2174314  497368
16384  16384  96  1734150  1738128  497368
16384  16384  128  1478976  1552025  497368
16384  16384  160  1706138  1829896  497368
16384  16384  192  1580011  1769216  497368
16384  16384  224  1497847  1750233  497368
16384  16384  256  1433602  1752321  497368
16384  16384  288  1386164  1734007  497368
16384  16384  320  1310804  1777514  497368
16384  16384  352  1283468  1846083  497368
16384  16384  384  1259178  1900016  497368
16384  16384  416  1213921  1961925  497368
16384  16384  448  1191021  2050834  497368
16384  16384  480  1180464  2164104  497368
16384  16384  512  1156532  2264932  497368
16384  16384  640  1138483  2710398  497368
16384  16384  768  1082229  3178076  497368
16384  16384  896  1066911  3676764  497368
16384  16384  1024  1026604  4209236  497368
16384  16384  1152  1033029  4687602  497368
16384  16384  1280  1019638  5214125  497368
16384  16384  1408  1013307  5714804  497368
16384  16384  1536  1006343  6236691  497368
16384  16384  1664  1005724  6768210  497368
16384  16384  1792  999508  7313407  497368
16384  16384  1920  994970  7781627  497368
16384  16384  2048  993328  8410009  497368