16384, 32, 18, 59507, 0, 1.84873e+08, 1.12621e+07, 2.317e+07, 1.139e+06, 131462, 2.20635e+08, 9148, 96419, 5.1833e+07, 21091, 1.30932e+08, 1.94279e+06, 0, 38095, 1.84873e+08, 315, 0, 1, 77677, 922374, 1, 1.02432e+07, 18455, 1.1262e+07,
16384, 32, 884, 40630, 0, 2.01079e+08, 1.22152e+07, 2.41335e+07, 1.00863e+06, 100969, 2.38579e+08, 6771, 98547, 5.71241e+07, 22854, 1.41827e+08, 1.96103e+06, 0, 38327, 2.01079e+08, 423, 0, 0, 79421, 913272, 1, 1.12035e+07, 18491, 1.22151e+07,
16384, 32, 3567, 21852, 0, 1.95969e+08, 1.19673e+07, 2.41662e+07, 1.16152e+06, 152236, 2.33442e+08, 7285, 98455, 5.51475e+07, 22225, 1.38674e+08, 1.9811e+06, 0, 38260, 1.95969e+08, 459, 0, 0, 78790, 919034, 2, 1.09505e+07, 18513, 1.19673e+07,
16384, 32, 3135, 52231, 4, 1.94837e+08, 1.17108e+07, 2.40452e+07, 1.2598e+06, 158983, 2.32068e+08, 7118, 98582, 5.44867e+07, 22439, 1.38204e+08, 1.98082e+06, 0, 37974, 1.94837e+08, 423, 0, 0, 79374, 922925, 0, 1.06895e+07, 18572, 1.17108e+07,
16384, 32, 3117, 23585, 0, 1.92045e+08, 1.16034e+07, 2.37029e+07, 1.11419e+06, 100517, 2.28592e+08, 7256, 98675, 5.37521e+07, 23300, 1.36181e+08, 1.94451e+06, 0, 38213, 1.92045e+08, 579, 0, 2, 79608, 924574, 3, 1.05799e+07, 18637, 1.16033e+07,
16384, 64, 2001, 37596, 0, 1.94167e+08, 1.18525e+07, 2.3397e+07, 1.17826e+07, 1.89216e+06, 2.43131e+08, 6178, 85785, 5.3365e+07, 24114, 1.38701e+08, 1.94651e+06, 0, 38224, 1.94167e+08, 234, 0, 0, 80441, 2.09166e+06, 0, 9.66201e+06, 18163, 1.18525e+07,
16384, 64, 1489, 42953, 0, 2.04079e+08, 1.30315e+07, 2.40317e+07, 1.28317e+07, 1.88945e+06, 2.55907e+08, 5425, 84821, 5.71211e+07, 21510, 1.44801e+08, 2.00611e+06, 0, 38105, 2.04079e+08, 226, 0, 0, 79879, 2.07666e+06, 0, 1.08563e+07, 18408, 1.30314e+07,
16384, 64, 1576, 20700, 0, 2.00805e+08, 1.24285e+07, 2.39922e+07, 1.18086e+07, 1.89506e+06, 2.50952e+08, 5826, 84702, 5.62047e+07, 22373, 1.42439e+08, 2.01026e+06, 0, 38046, 2.00805e+08, 221, 0, 0, 79406, 2.09239e+06, 0, 1.02381e+07, 18379, 1.24285e+07,
16384, 64, 1516, 44401, 0, 1.96071e+08, 1.19505e+07, 2.34523e+07, 1.17749e+07, 1.87792e+06, 2.45173e+08, 4659, 83735, 5.46262e+07, 22077, 1.39245e+08, 2.05098e+06, 0, 38199, 1.96071e+08, 267, 0, 0, 78346, 2.07997e+06, 0, 9.7734e+06, 18472, 1.19504e+07,
16384, 64, 1561, 40715, 0, 2.04522e+08, 1.22192e+07, 2.40068e+07, 1.27077e+07, 1.91872e+06, 2.55417e+08, 6028, 84398, 5.79032e+07, 21027, 1.4449e+08, 1.97925e+06, 1, 38172, 2.04522e+08, 282, 0, 0, 78578, 2.07644e+06, 0, 1.00455e+07, 18375, 1.22191e+07,
16384, 128, 2424, 31015, 0, 1.9908e+08, 1.05655e+07, 1.53933e+07, 788183, 27701, 2.25888e+08, 2601, 84017, 5.43893e+07, 21521, 1.42557e+08, 1.9884e+06, 0, 37910, 1.9908e+08, 102, 0, 4, 75296, 4.14028e+06, 2, 6.33146e+06, 18303, 1.05654e+07,
16384, 128, 2467, 52621, 0, 1.97835e+08, 1.09171e+07, 1.49915e+07, 916281, 11379, 2.24726e+08, 2411, 82972, 5.44324e+07, 23335, 1.4126e+08, 1.99531e+06, 0, 38498, 1.97835e+08, 125, 0, 2, 76655, 4.17479e+06, 0, 6.64712e+06, 18439, 1.09171e+07,
16384, 128, 2421, 26500, 0, 2.03917e+08, 1.08384e+07, 1.53055e+07, 1.11013e+06, 25653, 2.31225e+08, 2538, 84455, 5.67953e+07, 22082, 1.45027e+08, 1.94624e+06, 0, 38168, 2.03916e+08, 118, 0, 0, 75955, 4.15099e+06, 0, 6.5931e+06, 18175, 1.08383e+07,
16384, 128, 2442, 50031, 0, 2.03088e+08, 1.0826e+07, 1.48661e+07, 854618, 29356, 2.29716e+08, 2400, 83828, 5.60325e+07, 20263, 1.44935e+08, 1.97628e+06, 0, 37609, 2.03088e+08, 100, 0, 2, 75122, 4.16187e+06, 0, 6.57035e+06, 18590, 1.0826e+07,
16384, 128, 2473, 52314, 0, 1.95935e+08, 1.08549e+07, 1.46782e+07, 843652, 31149, 2.22397e+08, 2533, 81866, 5.35598e+07, 21349, 1.40216e+08, 2.01523e+06, 0, 37951, 1.95934e+08, 259, 0, 0, 76774, 4.16716e+06, 0, 6.59233e+06, 18369, 1.08549e+07,
16384, 256, 31, 80619, 0, 1.99593e+08, 2.07985e+07, 1.09748e+07, 377159, 13456, 2.31838e+08, 2095, 78498, 5.33583e+07, 25450, 1.44052e+08, 2.03947e+06, 0, 38072, 1.99593e+08, 88, 0, 0, 81460, 1.30393e+07, 3, 7.65826e+06, 19386, 2.07985e+07,
16384, 256, 30, 54690, 0, 2.02877e+08, 2.11437e+07, 1.11032e+07, 317453, 10929, 2.35507e+08, 1732, 77951, 5.43895e+07, 25863, 1.46331e+08, 2.01252e+06, 0, 37895, 2.02877e+08, 50, 1, 0, 81903, 1.28546e+07, 0, 8.18755e+06, 19584, 2.11437e+07,
16384, 256, 31, 45096, 0, 2.06944e+08, 2.1379e+07, 1.18525e+07, 443532, 17414, 2.40681e+08, 5810, 77844, 5.62511e+07, 24767, 1.48537e+08, 2.00995e+06, 0, 37566, 2.06944e+08, 3727, 0, 0, 80031, 1.26352e+07, 0, 8.64027e+06, 19716, 2.1379e+07,
16384, 256, 30, 68853, 0, 2.02338e+08, 2.1236e+07, 1.10772e+07, 390183, 18355, 2.35129e+08, 1814, 78157, 5.44565e+07, 25074, 1.4571e+08, 2.02865e+06, 0, 37768, 2.02338e+08, 55, 0, 0, 83430, 1.28677e+07, 2, 8.26504e+06, 19744, 2.1236e+07,
16384, 256, 27, 39424, 0, 2.06432e+08, 2.15492e+07, 1.12938e+07, 397467, 11072, 2.39723e+08, 2110, 79639, 5.62234e+07, 23772, 1.48053e+08, 2.01232e+06, 0, 37600, 2.06432e+08, 262, 0, 0, 80804, 1.3079e+07, 0, 8.36964e+06, 19496, 2.15492e+07,
16384, 512, 28, 98314, 0, 2.05645e+08, 2.99863e+07, 9.3811e+06, 399941, 16149, 2.45526e+08, 567, 82835, 5.41749e+07, 26132, 1.49212e+08, 2.1108e+06, 0, 36922, 2.05645e+08, 732, 0, 0, 90539, 2.07483e+07, 0, 9.12645e+06, 20282, 2.99863e+07,
16384, 512, 24, 92684, 0, 2.07244e+08, 2.81808e+07, 9.40816e+06, 412020, 16522, 2.45354e+08, 915, 82130, 5.53947e+07, 27342, 1.49589e+08, 2.11272e+06, 1, 37021, 2.07244e+08, 136, 0, 0, 89517, 1.87222e+07, 3, 9.34845e+06, 20425, 2.81808e+07,
16384, 512, 25, 92933, 0, 2.08003e+08, 2.94804e+07, 9.4306e+06, 401355, 14904, 2.47423e+08, 581, 83299, 5.56674e+07, 26117, 1.50081e+08, 2.10752e+06, 0, 37041, 2.08003e+08, 124, 0, 0, 89699, 2.00689e+07, 0, 9.3014e+06, 20241, 2.94804e+07,
16384, 512, 31, 107024, 0, 2.07145e+08, 2.85191e+07, 9.20378e+06, 373862, 16381, 2.45365e+08, 1073, 82581, 5.47356e+07, 26413, 1.5016e+08, 2.10185e+06, 0, 36953, 2.07145e+08, 127, 0, 0, 88024, 1.9344e+07, 0, 9.06656e+06, 20392, 2.85191e+07,
16384, 512, 24, 86831, 0, 2.08922e+08, 2.9029e+07, 9.3546e+06, 484362, 14874, 2.47892e+08, 602, 83045, 5.56691e+07, 28575, 1.50989e+08, 2.11557e+06, 0, 36605, 2.08922e+08, 575, 0, 1, 87268, 1.94174e+07, 0, 9.50361e+06, 20149, 2.9029e+07,
16384, 1024, 26, 186195, 0, 2.22461e+08, 5.11054e+07, 8.45954e+06, 622057, 16483, 2.82851e+08, 499, 91453, 5.7301e+07, 44809, 1.62809e+08, 2.17937e+06, 0, 35319, 2.22461e+08, 85, 0, 0, 2.68156e+06, 3.79159e+07, 0, 1.0487e+07, 20912, 5.11054e+07,
16384, 1024, 24, 171496, 0, 2.22105e+08, 4.91935e+07, 8.41793e+06, 640382, 16827, 2.80545e+08, 505, 90930, 5.74977e+07, 44626, 1.62235e+08, 2.20058e+06, 0, 35247, 2.22105e+08, 86, 0, 0, 1.86363e+06, 3.70522e+07, 0, 1.0257e+07, 20658, 4.91935e+07,
16384, 1024, 27, 156398, 0, 2.21682e+08, 5.03854e+07, 8.5945e+06, 662066, 16033, 2.81496e+08, 317, 91309, 5.72068e+07, 44058, 1.62108e+08, 2.19618e+06, 0, 35237, 2.21682e+08, 260, 0, 1, 2.18948e+06, 3.79887e+07, 2, 1.01862e+07, 20748, 5.03854e+07,
16384, 1024, 29, 173799, 0, 2.23694e+08, 4.94997e+07, 8.3281e+06, 643221, 18296, 2.82357e+08, 310, 91371, 5.80566e+07, 44330, 1.6329e+08, 2.17532e+06, 0, 35355, 2.23693e+08, 128, 0, 0, 2.35055e+06, 3.71551e+07, 0, 9.97322e+06, 20677, 4.94997e+07,
16384, 1024, 26, 270979, 0, 2.22741e+08, 4.88492e+07, 8.33788e+06, 729846, 19166, 2.80948e+08, 405, 90157, 5.76319e+07, 44496, 1.62753e+08, 2.18618e+06, 0, 35166, 2.22741e+08, 81, 0, 0, 2.29673e+06, 3.64465e+07, 0, 1.0085e+07, 20888, 4.88492e+07,
16384, 2048, 26, 305660, 0, 2.40682e+08, 1.27645e+08, 7.36071e+06, 909279, 19597, 3.76922e+08, 724, 99081, 5.38326e+07, 59989, 1.84159e+08, 2.49692e+06, 0, 33487, 2.40682e+08, 169, 0, 0, 1.41699e+07, 1.02604e+08, 0, 1.08485e+07, 21713, 1.27645e+08,
16384, 2048, 28, 310657, 0, 2.40345e+08, 1.26658e+08, 7.37867e+06, 903987, 20513, 3.75617e+08, 276, 98326, 5.33278e+07, 59756, 1.84308e+08, 2.51738e+06, 0, 33372, 2.40345e+08, 59, 0, 0, 1.34349e+07, 1.02434e+08, 0, 1.07673e+07, 21517, 1.26658e+08,
16384, 2048, 25, 303032, 0, 2.37694e+08, 1.26235e+08, 7.39724e+06, 926511, 19010, 3.72575e+08, 300, 98349, 5.21363e+07, 59046, 1.82867e+08, 2.50032e+06, 0, 33232, 2.37694e+08, 64, 0, 5, 1.33608e+07, 1.02162e+08, 4, 1.06904e+07, 21429, 1.26235e+08,
16384, 2048, 24, 302364, 0, 2.42619e+08, 1.27421e+08, 7.32676e+06, 892156, 17268, 3.78578e+08, 297, 98243, 5.46321e+07, 59103, 1.85252e+08, 2.54289e+06, 0, 33384, 2.42619e+08, 33, 0, 1, 1.38662e+07, 1.02558e+08, 0, 1.09755e+07, 21767, 1.27421e+08,
16384, 2048, 28, 286882, 0, 2.42628e+08, 1.26845e+08, 7.38333e+06, 898693, 17822, 3.7806e+08, 309, 98658, 5.4786e+07, 59935, 1.85128e+08, 2.52174e+06, 0, 33235, 2.42628e+08, 42, 0, 0, 1.41785e+07, 1.01905e+08, 0, 1.07396e+07, 21694, 1.26845e+08,