16384,  32,  94115,  11945,  10736,
16384,  32,  281625,  14850,  9282,
16384,  32,  231627,  40813,  5533,
16384,  32,  222043,  10830,  11515,
16384,  32,  119323,  10965,  5655,
16384,  64,  156733,  5982,  11258,
16384,  64,  218912,  12377,  6820,
16384,  64,  160331,  5311,  42884,
16384,  64,  157237,  5546,  6571,
16384,  64,  179911,  9670,  53806,
16384,  128,  375627,  13473,  23383,
16384,  128,  1422764,  68265,  102428,
16384,  128,  1660576,  58244,  85124,
16384,  128,  1678357,  85029,  97116,
16384,  128,  1678140,  43410,  106415,
16384,  256,  3532843,  97821,  170728,
16384,  256,  3557586,  56981,  187248,
16384,  256,  3481816,  77440,  158293,
16384,  256,  3572784,  82644,  157182,
16384,  256,  3396151,  70034,  162309,
16384,  512,  7038341,  207817,  226891,
16384,  512,  7090593,  163651,  234214,
16384,  512,  7003122,  136432,  214789,
16384,  512,  7145995,  115296,  278810,
16384,  512,  7198803,  133208,  240863,
16384,  1024,  14318575,  362193,  277597,
16384,  1024,  13401278,  249267,  245827,
16384,  1024,  13463734,  343215,  309621,
16384,  1024,  13516517,  302865,  273135,
16384,  1024,  13630398,  339969,  249106,
16384,  2048,  27928427,  2066980,  432110,
16384,  2048,  28294685,  1839113,  479504,
16384,  2048,  29160644,  1936030,  469076,
16384,  2048,  28204442,  2132841,  475973,
16384,  2048,  28126558,  2238522,  452340,
16384,  32,  1208,  8975,  13223,  16520,
16384,  32,  1202,  689,  1994,  2122,
16384,  32,  3046,  6692,  421,  546,
16384,  32,  1225,  668,  339,  464,
16384,  32,  4692,  822,  374,  500,
16384,  64,  6968,  1837,  12230,  15985,
16384,  64,  2216,  2744,  1103,  1369,
16384,  64,  2237,  2107,  579,  800,
16384,  64,  12970,  1687,  15439,  15652,
16384,  64,  2334,  1589,  1465,  1683,
16384,  128,  4264,  4690,  7165,  25997,
16384,  128,  7882,  4530,  1556,  17989,
16384,  128,  4523,  4689,  1149,  16501,
16384,  128,  75671,  4899,  1098,  19221,
16384,  128,  4639,  4686,  2134,  18943,
16384,  256,  23306,  23562,  19716,  93734,
16384,  256,  41728,  12645,  15046,  72396,
16384,  256,  21469,  22208,  19417,  69600,
16384,  256,  9517,  18296,  18457,  68627,
16384,  256,  17637,  23768,  14329,  66190,
16384,  512,  43221,  50846,  18579,  69667,
16384,  512,  23417,  49108,  17968,  69807,
16384,  512,  24485,  37932,  11276,  78620,
16384,  512,  19375,  38285,  18658,  48760,
16384,  512,  22160,  44772,  17913,  87674,
16384,  1024,  76086,  147132,  31220,  166169,
16384,  1024,  78299,  145631,  27984,  123482,
16384,  1024,  64023,  129648,  32665,  199438,
16384,  1024,  69400,  134124,  38443,  186705,
16384,  1024,  47814,  131530,  55250,  267654,
16384,  2048,  178638,  837053,  109805,  622632,
16384,  2048,  205051,  808645,  83272,  532233,
16384,  2048,  169742,  645431,  104993,  598558,
16384,  2048,  193400,  622110,  94420,  567441,
16384,  2048,  173437,  661845,  87761,  556362,
16384,  32,  32,  1384,  4826074,  12826,  12826,
16384,  32,  32,  456,  4255145,  279,  279,
16384,  32,  32,  598,  4221866,  285,  285,
16384,  32,  32,  573,  4082137,  380,  380,
16384,  32,  32,  513,  4302836,  327,  327,
16384,  64,  32,  12385,  8088245,  878,  878,  31525,
16384,  64,  32,  11345,  8660910,  1272,  1272,  26955,
16384,  64,  32,  1972,  8108730,  1070,  1070,  22856,
16384,  64,  32,  1060,  8438054,  1074,  1074,  28903,
16384,  64,  32,  1275,  8162979,  1040,  1040,  25203,
16384,  128,  32,  13628,  16556898,  55645,  55645,  18549,  38037,
16384,  128,  32,  14476,  16909101,  4299,  4299,  20328,  9420,
16384,  128,  32,  2510,  16013303,  3393,  3393,  16087,  2126,
16384,  128,  32,  13864,  16202495,  6396,  6396,  20855,  5286,
16384,  128,  32,  2666,  15826207,  12965,  12965,  62413,  8973,
16384,  256,  32,  14869,  566543,  54423,  54423,  18725,  29942,  8333,
16384,  256,  32,  11114,  555086,  59366,  59366,  46350,  8142,  14703,
16384,  256,  32,  7322,  603873,  12216,  12216,  24435,  5117,  4564,
16384,  256,  32,  7122,  560847,  23910,  23910,  35928,  6483,  17351,
16384,  256,  32,  14094,  572794,  20418,  20418,  30902,  41686,  5011,
16384,  512,  32,  17647,  932277,  54222,  54222,  43867,  20731,  19600,  18036,
16384,  512,  32,  17631,  926746,  54787,  54787,  47574,  19330,  25360,  52974,
16384,  512,  32,  17735,  923621,  67257,  67257,  42040,  102290,  18241,  18718,
16384,  512,  32,  17135,  1140235,  36659,  36659,  67554,  18631,  20872,  19272,
16384,  512,  32,  17267,  1018004,  54757,  54757,  44248,  21534,  18862,  18927,
16384,  1024,  32,  48031,  1740997,  168654,  168654,  142904,  81905,  90296,  90740,  88594,
16384,  1024,  32,  47222,  1720748,  146121,  146121,  122566,  97984,  90748,  70632,  69572,
16384,  1024,  32,  60262,  1935973,  168748,  168748,  123493,  96286,  91062,  71889,  86954,
16384,  1024,  32,  47008,  1881653,  177620,  177620,  113410,  79355,  97313,  90455,  74857,
16384,  1024,  32,  47336,  1745313,  167365,  167365,  114699,  81875,  78476,  89696,  95326,
16384,  2048,  32,  206093,  3216579,  611649,  611649,  494904,  327382,  302855,  307860,  279800,  279814,
16384,  2048,  32,  209024,  3189687,  615668,  615668,  499476,  331791,  305795,  295894,  285384,  276666,
16384,  2048,  32,  205936,  3153029,  735932,  735932,  466834,  338909,  332498,  315579,  282608,  277690,
16384,  2048,  32,  196693,  3848884,  611926,  611926,  571574,  413193,  295543,  290761,  277579,  279753,
16384,  2048,  32,  200650,  3124668,  853557,  853557,  481006,  415658,  305451,  293282,  362459,  289204,

WIDE QRCP: m n GEQP3  LUQR  CQRRPT

TSQR: m n GEQRF  GEQR  CHOLQR  CHOLQR_ORHR

APPLY Q: m n nb_strart ORMQR  GEMM  GEMQRT(varying NB)