16384,  256,  1283663,  170028,  418112,
16384,  256,  1356186,  207903,  480709,
16384,  256,  1376242,  198951,  469625,
16384,  256,  1454139,  380783,  388165,
16384,  256,  1454407,  327355,  435610,
16384,  512,  4105584,  433673,  856298,
16384,  512,  3764181,  492699,  701301,
16384,  512,  4128507,  459992,  640383,
16384,  512,  3972451,  520149,  711856,
16384,  512,  3846451,  409110,  690502,
16384,  1024,  8338054,  784632,  1260428,
16384,  1024,  8667718,  692588,  1312377,
16384,  1024,  8201236,  1631002,  1304867,
16384,  1024,  7343532,  636012,  1188326,
16384,  1024,  7762909,  602406,  1202257,
16384,  256,  391173,  268088,  174515,  720690,
16384,  256,  758030,  576210,  189699,  1025722,
16384,  256,  485226,  387264,  151874,  594405,
16384,  256,  390616,  529122,  146114,  647460,
16384,  256,  281890,  29228,  93761,  513651,
16384,  512,  622164,  545337,  239096,  1063675,
16384,  512,  543199,  468416,  207948,  1127738,
16384,  512,  544561,  645938,  233072,  1066916,
16384,  512,  183040,  83482,  158069,  1016185,
16384,  512,  504201,  82619,  154476,  972264,
16384,  1024,  3386884,  3382493,  399417,  2514412,
16384,  1024,  699373,  451070,  405205,  2353760,
16384,  1024,  2935020,  838534,  350018,  2071159,
16384,  1024,  2058752,  2167336,  371395,  2346166,
16384,  1024,  1548450,  449412,  377914,  2186418,
16384,  256,  32,  78506,  1420905,  587099,  587099,  321253,  223365,  139306,
16384,  256,  32,  78779,  1522231,  1189976,  1189976,  297297,  179273,  97745,
16384,  256,  32,  75738,  1620474,  374723,  374723,  301676,  198614,  118134,
16384,  256,  32,  90172,  1679704,  836807,  836807,  311830,  376849,  110941,
16384,  256,  32,  80420,  1549746,  683168,  683168,  487451,  293592,  102480,
16384,  512,  32,  136242,  2590827,  1243478,  1243478,  616974,  382227,  257534,  283593,
16384,  512,  32,  134080,  2756690,  502208,  502208,  628057,  340268,  238435,  157425,
16384,  512,  32,  161280,  2803732,  1264815,  1264815,  629282,  324914,  247659,  159383,
16384,  512,  32,  113411,  2790937,  1227038,  1227038,  640797,  308075,  242115,  157999,
16384,  512,  32,  125298,  2744831,  1312117,  1312117,  628923,  349486,  255181,  160364,
16384,  1024,  32,  308575,  5232562,  2850281,  2850281,  1492791,  718810,  416410,  459923,  335561,
16384,  1024,  32,  340859,  5391910,  1841947,  1841947,  1590492,  739323,  488352,  495704,  361440,
16384,  1024,  32,  323476,  5341985,  2674009,  2674009,  1326734,  392498,  456520,  472205,  386630,
16384,  1024,  32,  404325,  5532072,  1465202,  1465202,  1457416,  848953,  683912,  524921,  358763,
16384,  1024,  32,  306890,  5160785,  2804803,  2804803,  901311,  705757,  411524,  474777,  346891,

WIDE QRCP: m n GEQP3  LUQR  CQRRPT

TSQR: m n GEQRF  GEQR  CHOLQR  CHOLQR_ORHR

APPLY Q: m n nb_strart ORMQR  GEMM  GEMQRT(varying NB)