32768,  256,  2388251,  207333,  226923,
32768,  256,  2337896,  453053,  381123,
32768,  256,  2469287,  263535,  397370,
32768,  256,  2240183,  332733,  413468,
32768,  256,  2096240,  399606,  412418,
32768,  512,  5814049,  565534,  861205,
32768,  512,  6192218,  575256,  585274,
32768,  512,  6223258,  613425,  549758,
32768,  512,  6347264,  523950,  1805331,
32768,  512,  6184047,  528117,  902734,
32768,  1024,  13882527,  801837,  1226777,
32768,  1024,  13242585,  708989,  1150938,
32768,  1024,  14114543,  634279,  1435165,
32768,  1024,  13949210,  1048613,  1095893,
32768,  1024,  15862977,  926187,  1156257,
32768,  256,  457465,  574040,  124112,  583256,
32768,  256,  473361,  372935,  136209,  543192,
32768,  256,  376868,  466323,  112689,  643017,
32768,  256,  398308,  445085,  106712,  514454,
32768,  256,  373629,  404766,  144632,  732485,
32768,  512,  646720,  550773,  145473,  1769381,
32768,  512,  1188353,  605195,  140820,  949438,
32768,  512,  457229,  433744,  109832,  1078223,
32768,  512,  635752,  422397,  106021,  938232,
32768,  512,  626884,  1008147,  122072,  1219652,
32768,  1024,  3314446,  1823790,  285091,  2606555,
32768,  1024,  3306843,  3343213,  292358,  2008134,
32768,  1024,  3313527,  1079341,  261757,  2089373,
32768,  1024,  3366264,  2730487,  269696,  1990806,
32768,  1024,  3320255,  1620541,  224382,  2016816,
32768,  256,  32,  73018,  2365280,  202820,  202820,  284207,  159318,  86153,
32768,  256,  32,  67593,  2233601,  608151,  608151,  295188,  166799,  86400,
32768,  256,  32,  81815,  2184753,  602342,  602342,  285416,  156427,  88827,
32768,  256,  32,  78363,  2219911,  620981,  620981,  311134,  146360,  92321,
32768,  256,  32,  69945,  2124413,  410739,  410739,  390291,  170597,  182252,
32768,  512,  32,  176483,  4058264,  1252971,  1252971,  655695,  190730,  189193,  126574,
32768,  512,  32,  217110,  3876374,  1270813,  1270813,  963154,  510376,  234736,  195768,
32768,  512,  32,  184909,  3923046,  1273979,  1273979,  626224,  339529,  191085,  141447,
32768,  512,  32,  180324,  4083176,  1437348,  1437348,  621209,  328690,  240125,  128843,
32768,  512,  32,  191290,  3929927,  890488,  890488,  619263,  301132,  187463,  139324,
32768,  1024,  32,  363860,  7173317,  2607184,  2607184,  1340306,  706495,  468129,  307387,  249707,
32768,  1024,  32,  350947,  7205415,  1180945,  1180945,  1341988,  722359,  331648,  316095,  259742,
32768,  1024,  32,  331314,  7328484,  2401528,  2401528,  414532,  657883,  473700,  322493,  250028,
32768,  1024,  32,  354422,  6962598,  2541067,  2541067,  1351730,  675829,  474939,  325129,  254030,
32768,  1024,  32,  404803,  7386795,  2662624,  2662624,  1326856,  729232,  447600,  336004,  322740,

WIDE QRCP: m n GEQP3  LUQR  CQRRPT

TSQR: m n GEQRF  GEQR  CHOLQR  CHOLQR_ORHR

APPLY Q: m n nb_strart ORMQR  GEMM  GEMQRT(varying NB)