4096  4096  32  545  380  48
4096  4096  64  529  279  48
4096  4096  96  260  192  48
4096  4096  128  497  471  48
4096  4096  160  401  409  48
4096  4096  192  277  301  48
4096  4096  224  456  635  48
4096  4096  256  553  728  48
4096  4096  288  490  336  48
4096  4096  320  827  305  48
4096  4096  352  689  289  48
4096  4096  384  889  314  48
4096  4096  416  903  330  48
4096  4096  448  886  352  48
4096  4096  480  776  363  48
4096  4096  512  391  420  48
4096  4096  640  605  461  48
4096  4096  768  533  501  48
4096  4096  896  445  608  48
4096  4096  1024  841  610  48
4096  4096  1152  402  657  48
4096  4096  1280  901  778  48
4096  4096  1408  888  860  48
4096  4096  1536  665  913  48
4096  4096  1664  418  1027  48
4096  4096  1792  399  1139  48
4096  4096  1920  564  1288  48
4096  4096  2048  568  1488  48