8192  8192  32  877  807  118
8192  8192  64  554  539  118
8192  8192  96  483  485  118
8192  8192  128  478  471  118
8192  8192  160  463  524  118
8192  8192  192  434  523  118
8192  8192  224  425  546  118
8192  8192  256  412  567  118
8192  8192  288  394  572  118
8192  8192  320  387  595  118
8192  8192  352  389  630  118
8192  8192  384  403  653  118
8192  8192  416  386  674  118
8192  8192  448  386  697  118
8192  8192  480  365  732  118
8192  8192  512  360  758  118
8192  8192  640  351  901  118
8192  8192  768  349  1072  118
8192  8192  896  347  1281  118
8192  8192  1024  341  1507  118
8192  8192  1152  361  1719  118
8192  8192  1280  337  1914  118
8192  8192  1408  335  2170  118
8192  8192  1536  338  2387  118
8192  8192  1664  333  2662  118
8192  8192  1792  336  2834  118
8192  8192  1920  360  3108  118
8192  8192  2048  331  3424  118