329681, 151, 10054044, 16566321, 3497388, 8324413, 41159312, 642745, 539578, 10284239, 3510971, 91411455,
244582, 738, 10287582, 16273804, 3414547, 8864663, 43898762, 467646, 518151, 10016186, 3421700, 93993814,
242166, 202, 9820811, 16372118, 3548534, 9431238, 46857382, 457825, 475162, 10188815, 3554937, 97400656,
245673, 149, 9491049, 16551965, 3313935, 8345533, 47558279, 367098, 453054, 10146617, 3320198, 96479615,
244676, 158, 9277222, 16250857, 3368816, 8230627, 47436444, 387430, 480286, 10432974, 3375035, 96115709,
329681, 151, 10054044, 16566321, 3497388, 8324413, 41159312, 642745, 539578, 10284239, 3510971, 91411455,
244582, 738, 10287582, 16273804, 3414547, 8864663, 43898762, 467646, 518151, 10016186, 3421700, 93993814,
242166, 202, 9820811, 16372118, 3548534, 9431238, 46857382, 457825, 475162, 10188815, 3554937, 97400656,
245673, 149, 9491049, 16551965, 3313935, 8345533, 47558279, 367098, 453054, 10146617, 3320198, 96479615,
244676, 158, 9277222, 16250857, 3368816, 8230627, 47436444, 387430, 480286, 10432974, 3375035, 96115709,
329681, 151, 10054044, 16566321, 3497388, 8324413, 41159312, 642745, 539578, 10284239, 3510971, 91411455,
244582, 738, 10287582, 16273804, 3414547, 8864663, 43898762, 467646, 518151, 10016186, 3421700, 93993814,
242166, 202, 9820811, 16372118, 3548534, 9431238, 46857382, 457825, 475162, 10188815, 3554937, 97400656,
245673, 149, 9491049, 16551965, 3313935, 8345533, 47558279, 367098, 453054, 10146617, 3320198, 96479615,
244676, 158, 9277222, 16250857, 3368816, 8230627, 47436444, 387430, 480286, 10432974, 3375035, 96115709,
329681, 151, 10054044, 16566321, 3497388, 8324413, 41159312, 642745, 539578, 10284239, 3510971, 91411455,
244582, 738, 10287582, 16273804, 3414547, 8864663, 43898762, 467646, 518151, 10016186, 3421700, 93993814,
242166, 202, 9820811, 16372118, 3548534, 9431238, 46857382, 457825, 475162, 10188815, 3554937, 97400656,
245673, 149, 9491049, 16551965, 3313935, 8345533, 47558279, 367098, 453054, 10146617, 3320198, 96479615,
244676, 158, 9277222, 16250857, 3368816, 8230627, 47436444, 387430, 480286, 10432974, 3375035, 96115709,