16384  16384  32  3803  3726  495
16384  16384  64  2204  2166  495
16384  16384  96  1732  1735  495
16384  16384  128  1520  1547  495
16384  16384  160  1701  1830  495
16384  16384  192  1566  1752  495
16384  16384  224  1499  1754  495
16384  16384  256  1426  1724  495
16384  16384  288  1378  1736  495
16384  16384  320  1311  1769  495
16384  16384  352  1277  1828  495
16384  16384  384  1258  1902  495
16384  16384  416  1210  1961  495
16384  16384  448  1193  2051  495
16384  16384  480  1177  2177  495
16384  16384  512  1161  2273  495
16384  16384  640  1116  2713  495
16384  16384  768  1087  3180  495
16384  16384  896  1065  3683  495
16384  16384  1024  1040  4190  495
16384  16384  1152  1030  4691  495
16384  16384  1280  1018  5197  495
16384  16384  1408  1007  5701  495
16384  16384  1536  1010  6215  495
16384  16384  1664  1003  6785  495
16384  16384  1792  1000  7303  495
16384  16384  1920  997  7785  495
16384  16384  2048  997  8395  495

