32,  41259,  8796,  16505,  6460,
32,  1789,  7239,  17258,  4821,
32,  1968,  2402,  16424,  3541,
32,  1874,  2324,  16075,  2160,
32,  2553,  2545,  16737,  2128,
32,  1789,  925,  15881,  2147,
32,  1748,  964,  16123,  2108,
32,  2095,  1026,  16274,  2224,
32,  1782,  908,  16633,  2126,
32,  1802,  900,  16311,  2204,
32,  1723,  1000,  16296,  2143,
32,  3332,  1030,  17656,  2287,
32,  1602,  1053,  17356,  2265,
32,  1619,  994,  19505,  5723,
32,  1667,  1055,  16355,  2305,
32,  1476,  1030,  16006,  6462,
32,  2555,  1825,  15109,  15148,
32,  1705,  892,  15532,  1840,
32,  1494,  922,  23809,  1873,
32,  1616,  5824,  15831,  1816,
32,  1621,  885,  15892,  1832,
32,  2278,  2750,  17847,  14434,
32,  1507,  920,  18151,  2338,
32,  1541,  996,  17301,  1838,
32,  2569,  6580,  15834,  8483,
32,  1587,  1197,  15450,  3631,
32,  1552,  886,  15596,  2015,
32,  1645,  892,  15059,  2579,
32,  1800,  1034,  15560,  2033,
32,  1705,  927,  17498,  6973,
32,  4775,  919,  15619,  1934,
32,  1579,  940,  16872,  1919,
32,  1475,  973,  16178,  6702,
32,  2116,  1702,  15531,  5509,
32,  1503,  1652,  15477,  2745,
32,  2108,  992,  15288,  6632,
32,  1724,  974,  15090,  1846,
32,  1525,  1022,  15130,  5298,
32,  5681,  994,  16432,  3509,
32,  1605,  1007,  18427,  2344,
32,  1533,  888,  14617,  2281,
32,  1801,  2225,  15615,  4215,
32,  1622,  1960,  15256,  2501,
32,  1624,  1051,  15487,  1871,
32,  1654,  926,  18143,  1920,
32,  1591,  1059,  17086,  14454,
32,  1549,  3143,  17462,  1918,
32,  10704,  908,  14726,  2313,
32,  1519,  943,  14542,  1886,
32,  1536,  4271,  17505,  3428,
64,  3747,  4068,  64749,  1878,
64,  3459,  3112,  54516,  2903,
64,  3649,  2226,  35258,  1174,
64,  3464,  2188,  59942,  1206,
64,  3653,  2465,  55020,  1175,
64,  3506,  7520,  35471,  1176,
64,  3219,  2173,  38325,  1152,
64,  4668,  11683,  70165,  6024,
64,  3675,  2992,  45086,  2728,
64,  3660,  2230,  51257,  1403,
64,  3453,  2434,  60740,  6150,
64,  7666,  2434,  38807,  1306,
64,  3420,  2369,  47420,  2787,
64,  3574,  2814,  52706,  1715,
64,  3456,  2303,  39446,  1463,
64,  3796,  2463,  51370,  1396,
64,  3456,  2391,  60034,  1195,
64,  3937,  2387,  35331,  1205,
64,  3471,  2431,  55150,  3243,
64,  3607,  2401,  57424,  1736,
64,  16898,  2346,  44166,  1202,
64,  3589,  2196,  37290,  1787,
64,  3284,  2311,  34353,  3033,
64,  4162,  2316,  64464,  1445,
64,  4175,  2307,  51938,  1411,
64,  3460,  2299,  43378,  1405,
64,  3672,  2244,  56462,  3103,
64,  3271,  2364,  55358,  1265,
64,  3579,  2477,  38810,  1457,
64,  3651,  2380,  50775,  1308,
64,  3626,  2906,  55159,  1284,
64,  3675,  2373,  32023,  1235,
64,  3506,  2975,  47159,  3024,
64,  3973,  3555,  40564,  1653,
64,  3916,  25559,  76268,  1368,
64,  3888,  2614,  59686,  1293,
64,  3889,  2538,  35994,  1382,
64,  3565,  2388,  56333,  1855,
64,  3617,  2470,  41039,  1300,
64,  3742,  2465,  44661,  1329,
64,  3744,  2280,  41882,  1270,
64,  3737,  12119,  50668,  2030,
64,  3814,  2544,  53301,  1393,
64,  3624,  2374,  48976,  1313,
64,  3831,  2436,  42968,  1291,
64,  3563,  4447,  55673,  1862,
64,  3908,  2384,  49814,  1371,
64,  3771,  2362,  35162,  1262,
64,  3406,  2337,  35660,  1270,
64,  3570,  2341,  43654,  1327,
128,  8654,  7919,  78003,  8360,
128,  9273,  8327,  75194,  2839,
128,  8638,  10879,  85581,  2622,
128,  8433,  8074,  62511,  2500,
128,  8971,  8360,  47063,  2576,
128,  9628,  8663,  44058,  4064,
128,  8821,  8339,  50600,  4057,
128,  9368,  8577,  43443,  2613,
128,  9081,  8288,  47261,  13802,
128,  9074,  8383,  83426,  5188,
128,  9136,  8007,  66863,  2802,
128,  8591,  7771,  49778,  2653,
128,  8924,  7793,  47721,  2436,
128,  10672,  8103,  39134,  2443,
128,  8283,  8428,  63026,  3086,
128,  8689,  7953,  41990,  2627,
128,  8747,  8120,  59358,  4098,
128,  9667,  10202,  66514,  6177,
128,  9483,  8233,  47594,  2615,
128,  94989,  8451,  48235,  2643,
128,  9159,  8565,  53532,  2584,
128,  47141,  8658,  82983,  2727,
128,  11644,  13814,  70085,  2694,
128,  9314,  8581,  67270,  2714,
128,  9156,  7774,  46542,  2506,
128,  8484,  8221,  49789,  3738,
128,  8219,  7696,  75137,  2842,
128,  7968,  7784,  61288,  3508,
128,  9490,  8415,  91786,  2675,
128,  8999,  8532,  61071,  2631,
128,  8883,  11422,  76316,  4782,
128,  9450,  8752,  54357,  2510,
128,  9122,  8559,  42148,  2669,
128,  9707,  8485,  81138,  5382,
128,  9745,  8447,  78787,  3885,
128,  9474,  8164,  75039,  2730,
128,  12245,  8051,  63714,  2683,
128,  11723,  9116,  76570,  2730,
128,  8921,  8437,  41945,  2686,
128,  9100,  8805,  92056,  3768,
128,  8646,  7548,  54107,  2646,
128,  8788,  9264,  66475,  3713,
128,  9779,  7926,  113041,  6167,
128,  9492,  8316,  80032,  2776,
128,  9961,  7877,  53177,  2683,
128,  9477,  10407,  61830,  2663,
128,  9537,  7913,  78655,  3620,
128,  9231,  7842,  92564,  3037,
128,  10237,  8771,  60647,  2674,
128,  8655,  7992,  66388,  2707,
256,  20451,  26535,  112643,  11427,
256,  21189,  28588,  83740,  7720,
256,  20169,  25714,  85226,  7976,
256,  21225,  26843,  84316,  15560,
256,  20324,  26877,  126739,  7787,
256,  20599,  24889,  103693,  8092,
256,  20249,  25862,  115199,  8258,
256,  23587,  26587,  79877,  8058,
256,  21121,  24118,  94365,  8567,
256,  20247,  27835,  85151,  8180,
256,  21460,  27453,  86580,  8694,
256,  22220,  25928,  70591,  7950,
256,  19150,  25419,  97684,  7931,
256,  20513,  26649,  102479,  8016,
256,  20936,  29781,  109561,  7911,
256,  21349,  25709,  82189,  8325,
256,  20955,  26874,  76539,  8101,
256,  19381,  25425,  76097,  8032,
256,  21442,  27255,  90631,  8112,
256,  20906,  26561,  76380,  7722,
256,  20056,  26297,  75007,  7522,
256,  19983,  27861,  96152,  8029,
256,  19431,  25219,  86332,  7659,
256,  19803,  25842,  85024,  7728,
256,  20037,  24380,  69207,  16347,
256,  19844,  23610,  92977,  7770,
256,  21143,  24629,  135017,  7672,
256,  20129,  25246,  85600,  8383,
256,  19940,  25226,  101707,  8254,
256,  19934,  25468,  78021,  7841,
256,  21638,  24936,  87208,  8339,
256,  19880,  25409,  75346,  7806,
256,  19977,  27172,  96858,  8252,
256,  20276,  25016,  86618,  8438,
256,  20237,  26320,  84231,  7550,
256,  20465,  26611,  89688,  7723,
256,  21354,  25867,  85214,  7448,
256,  19646,  23300,  88892,  7825,
256,  18887,  24624,  88693,  7837,
256,  19871,  27277,  78770,  7609,
256,  20313,  26343,  85815,  7664,
256,  21334,  27723,  87017,  7703,
256,  20544,  26504,  112583,  7466,
256,  20609,  26144,  104507,  7762,
256,  20573,  23365,  96621,  7749,
256,  19618,  23281,  87646,  7510,
256,  20733,  24563,  129493,  7716,
256,  19915,  24914,  71227,  7621,
256,  19729,  24779,  88332,  7723,
256,  19655,  23595,  83740,  7976,
512,  65955,  96203,  397854,  36281,
512,  66394,  90378,  406156,  38918,
512,  72135,  98863,  412257,  41819,
512,  86776,  94783,  396741,  39677,
512,  71597,  94355,  394140,  38069,
512,  69744,  104349,  397528,  42432,
512,  65730,  101547,  398111,  40178,
512,  67383,  99210,  405572,  37892,
512,  63384,  94647,  403941,  50689,
512,  105410,  100153,  437077,  39627,
512,  68349,  94704,  397140,  46891,
512,  63268,  97999,  402918,  46781,
512,  68199,  93463,  403941,  46984,
512,  70769,  94860,  389297,  41117,
512,  63478,  92635,  388311,  40569,
512,  65510,  114951,  392315,  42852,
512,  67570,  96377,  399046,  38086,
512,  65985,  95457,  405706,  43834,
512,  72015,  101412,  409795,  43533,
512,  62731,  91839,  386893,  39263,
512,  70200,  97957,  399415,  49304,
512,  63618,  90169,  379906,  48778,
512,  72197,  95885,  402480,  50388,
512,  62759,  89586,  399793,  38267,
512,  67052,  92245,  530336,  47853,
512,  69673,  93851,  384886,  35817,
512,  68462,  96163,  405296,  45825,
512,  232061,  92377,  385928,  42114,
512,  65669,  91731,  400908,  43600,
512,  67080,  91503,  394203,  39552,
512,  69378,  89858,  390075,  36252,
512,  63619,  88055,  384681,  37849,
512,  61462,  89642,  385470,  51233,
512,  62792,  89827,  384289,  42701,
512,  65210,  93352,  382618,  41545,
512,  72452,  88685,  391445,  41479,
512,  63905,  93541,  397052,  43162,
512,  64958,  95860,  415550,  42063,
512,  64119,  90552,  382472,  35990,
512,  61270,  91081,  393296,  41636,
512,  61073,  89023,  385626,  40936,
512,  61898,  94509,  430309,  44573,
512,  65763,  91068,  390470,  37632,
512,  57411,  91735,  395828,  43471,
512,  63072,  89492,  391185,  42425,
512,  66648,  90995,  399286,  36461,
512,  57396,  87644,  452021,  44125,
512,  60913,  90415,  386655,  43282,
512,  60023,  88831,  392668,  38381,
512,  65127,  88749,  393329,  36769,
1024,  170761,  412966,  768276,  96731,
1024,  175279,  309854,  733185,  90614,
1024,  173098,  331820,  707931,  83204,
1024,  176628,  306973,  717320,  86848,
1024,  169657,  322261,  709364,  106919,
1024,  179158,  327368,  699975,  99838,
1024,  163825,  312608,  687228,  102567,
1024,  165705,  339220,  713438,  84465,
1024,  178758,  321660,  694870,  82991,
1024,  211885,  324941,  714504,  101643,
1024,  168221,  312949,  708903,  85809,
1024,  168086,  319513,  681776,  100596,
1024,  171759,  329692,  695442,  101250,
1024,  171065,  316328,  706782,  85368,
1024,  165456,  307468,  715677,  85361,
1024,  329580,  311330,  699381,  104156,
1024,  170434,  332476,  721549,  99072,
1024,  173607,  325763,  724457,  88749,
1024,  172228,  306770,  817071,  90585,
1024,  162663,  323782,  692587,  103440,
1024,  174045,  335772,  733845,  103963,
1024,  178262,  316334,  713008,  93223,
1024,  167745,  322786,  1212971,  92456,
1024,  164628,  306823,  741442,  89146,
1024,  167068,  302595,  714241,  104318,
1024,  162047,  314602,  893929,  90034,
1024,  169104,  318943,  687433,  97393,
1024,  165837,  328865,  711424,  101724,
1024,  173393,  320233,  720464,  97618,
1024,  167459,  330395,  731538,  90520,
1024,  167552,  306646,  687733,  102196,
1024,  172759,  324465,  690368,  95562,
1024,  178071,  325029,  714589,  88585,
1024,  173108,  532476,  697171,  97132,
1024,  173497,  324081,  682778,  101329,
1024,  173562,  324457,  716847,  99579,
1024,  164821,  307979,  733268,  102773,
1024,  174607,  314044,  695452,  99350,
1024,  169501,  311100,  716411,  107359,
1024,  176659,  316798,  742181,  89518,
1024,  175688,  438641,  723979,  97099,
1024,  174457,  315652,  733257,  98479,
1024,  175236,  340672,  745958,  93528,
1024,  174702,  320992,  721948,  94066,
1024,  173421,  327114,  705059,  85599,
1024,  169792,  324906,  753936,  94901,
1024,  175397,  314242,  743791,  101411,
1024,  178013,  318441,  721877,  91191,
1024,  180371,  311226,  691057,  106606,
1024,  175517,  317338,  710965,  97071,
2048,  612438,  1153002,  1791643,  265644,
2048,  589398,  1152968,  1691205,  284236,
2048,  599205,  1331109,  1697348,  258959,
2048,  615749,  1029576,  1748180,  279254,
2048,  581486,  989207,  1776552,  271512,
2048,  581586,  1203131,  1728141,  275606,
2048,  568598,  1066971,  1782760,  289342,
2048,  599578,  1054952,  1656422,  287315,
2048,  587263,  1036256,  1791723,  273928,
2048,  550048,  1097750,  1680348,  250109,
2048,  576091,  999867,  1674953,  259063,
2048,  534946,  1022537,  1738011,  243469,
2048,  535990,  1017563,  1734215,  279839,
2048,  536431,  1070776,  1733778,  271426,
2048,  547502,  1017827,  1711445,  266502,
2048,  744126,  1485596,  1700894,  255173,
2048,  528350,  1083403,  1673911,  244626,
2048,  550612,  1043310,  1761482,  266848,
2048,  535641,  1066235,  1684424,  254678,
2048,  539770,  1010641,  1723655,  226539,
2048,  558191,  1034298,  1701020,  244799,
2048,  1378051,  1059549,  1748368,  257995,
2048,  538213,  1099901,  1691950,  251813,
2048,  536155,  1028729,  1705262,  233050,
2048,  532978,  1002022,  1669675,  263690,
2048,  530811,  1107760,  1907564,  261499,
2048,  533339,  1089423,  1692735,  243792,
2048,  546364,  1057318,  1699744,  274395,
2048,  543696,  1154954,  1703803,  264606,
2048,  517207,  988221,  1693708,  231289,
2048,  523180,  1060557,  1812985,  261157,
2048,  550312,  1138858,  1693718,  270957,
2048,  557951,  1363061,  1732723,  239292,
2048,  531324,  1014857,  1741797,  287553,
2048,  550194,  1173606,  1793422,  236915,
2048,  924743,  1220860,  1772914,  270202,
2048,  604715,  1119895,  1838136,  281904,
2048,  567538,  1155248,  1877983,  297281,
2048,  573882,  1066090,  1862960,  284653,
2048,  558963,  1175785,  1838090,  276486,
2048,  614061,  1187691,  1792432,  270974,
2048,  540091,  1113218,  1780924,  275658,
2048,  552092,  1169328,  2378862,  258423,
2048,  564140,  1053100,  1796355,  287976,
2048,  557100,  1022038,  1966877,  291787,
2048,  578015,  1143928,  1880633,  235441,
2048,  583237,  1136387,  1879273,  301767,
2048,  634734,  1148234,  1918356,  307358,
2048,  596205,  1438443,  1954334,  266149,
2048,  630670,  1207769,  1937110,  301606,
096,  1889211,  2017524,  3945185,  833148,
4096,  1936579,  2001071,  3843830,  897080,
4096,  1961593,  1931283,  3772018,  845105,
4096,  1959539,  1919663,  3717429,  793567,
4096,  1863629,  1867240,  3594810,  809686,
4096,  1788157,  1809203,  3505904,  785970,
4096,  1797343,  1883354,  3591918,  802480,
4096,  1927412,  1931879,  3666914,  869219,
4096,  2035532,  1964080,  3971577,  856434,
4096,  1945139,  1989292,  3743566,  889142,
4096,  2005939,  2068932,  4035505,  906172,
4096,  2037125,  2035060,  3727616,  919938,
4096,  2299038,  2083651,  3905146,  922425,
4096,  1986597,  2083957,  3792304,  915416,
4096,  2202635,  1992160,  3950681,  953811,
4096,  2134237,  2213567,  3965573,  955530,
4096,  2028221,  2237198,  4043707,  1009749,
4096,  2232449,  2073011,  3915406,  843875,
4096,  2133972,  2023534,  4053723,  961980,
4096,  2180746,  2069071,  3910911,  956261,
4096,  2129978,  2059912,  4132166,  980382,
4096,  2262629,  2122658,  4212207,  974585,
4096,  2200944,  2196239,  4212415,  980357,
4096,  2116823,  2117858,  4159838,  924676,
4096,  2308081,  2018760,  3932603,  851115,
4096,  2100690,  1986992,  3866565,  897221,
4096,  2033816,  2048163,  3912379,  905662,
4096,  2081047,  2053251,  4073318,  936665,
4096,  2223457,  2121664,  4257948,  979683,
4096,  2147377,  2100744,  4175276,  944012,
4096,  2276815,  2159961,  4084608,  973992,
4096,  2284705,  2137486,  4093900,  914044,
4096,  2121276,  2087167,  4112916,  942438,
4096,  2144641,  2056523,  4116219,  868216,
4096,  2186648,  2140290,  4155138,  943526,
4096,  2261482,  2121274,  4063935,  900488,
4096,  2187682,  2035461,  4041771,  919104,
4096,  2141597,  2046297,  4084004,  952899,
4096,  2233104,  2138894,  4117258,  990105,
4096,  2141132,  2243183,  4248526,  905558,
4096,  2369139,  2198005,  4236338,  937113,
4096,  2242632,  2158582,  4279857,  951906,
4096,  2159052,  2118115,  4134916,  957450,
4096,  2215810,  2136669,  4141549,  935038,
4096,  2174570,  2062886,  4223774,  978253,
4096,  2140956,  2078485,  4090539,  971433,
4096,  2121929,  2069460,  4021680,  903362,
4096,  2126978,  2119942,  4130668,  956286,
4096,  2199125,  2128669,  4093933,  945574,
4096,  2100436,  2127672,  4026026,  994137,
8192,  6331759,  6388223,  12546934,  3437158,
8192,  6335990,  6329942,  11986577,  3392922,
8192,  5940300,  5918357,  11730299,  3521452,
8192,  6317661,  6231626,  12035719,  3440822,
8192,  6347381,  6427613,  12022008,  3418021,
8192,  6424338,  6532678,  12472208,  3413983,
8192,  6592466,  6240836,  12341634,  3531174,
8192,  6683644,  6662012,  12776467,  3554082,
8192,  6320986,  6166329,  12451172,  3408315,
8192,  6201986,  6764120,  13213323,  3716866,
8192,  6868040,  6675553,  13206795,  3747290,
8192,  7018983,  7057771,  13719896,  3761656,
8192,  6976881,  6841366,  13114326,  3144722,
8192,  6561367,  6506727,  13092797,  3582404,
8192,  6461077,  6339852,  12283462,  3612379,
8192,  6681963,  6438133,  11908722,  3384027,
8192,  6487155,  6522651,  11900357,  3424483,
8192,  6415008,  6254014,  12136018,  3523068,
8192,  6552048,  6211113,  12281749,  3621443,
8192,  6659136,  6604417,  12551652,  3611776,
8192,  6615902,  6397018,  13109912,  3549970,
8192,  6707060,  6538982,  12707301,  3416160,
8192,  6313949,  6461057,  11987376,  3542979,
8192,  6376417,  6326836,  11959719,  3511462,
8192,  6528038,  6236531,  12073376,  3482872,
8192,  6033871,  6222521,  12261018,  3636283,
8192,  6499908,  6173682,  12173396,  3642458,
8192,  6275346,  6484821,  12409526,  3638433,
8192,  6726853,  6948578,  12691287,  3689489,
8192,  6177229,  6418173,  12500609,  3713915,
8192,  6449533,  6889204,  12453519,  3516353,
8192,  6265919,  6524487,  12812532,  3639651,
8192,  6840122,  6737739,  12713142,  3463197,
8192,  7642745,  6553363,  13019062,  3654267,
8192,  6818486,  7798224,  13314255,  3564654,
8192,  6735196,  7105336,  12906876,  3766951,
8192,  6841026,  6906426,  12882225,  3698200,
8192,  6972740,  6598267,  13712207,  3290172,
8192,  6444978,  6401959,  12405636,  3285237,
8192,  6414249,  6311347,  12283694,  3564199,
8192,  6189632,  6100249,  12468726,  3660209,
8192,  6794842,  6478075,  13338247,  3438156,
8192,  6160654,  6059909,  11933947,  3401205,
8192,  6207777,  6006041,  12357749,  3267954,
8192,  6076484,  6054355,  11569664,  3358707,
8192,  6291684,  5920417,  12028690,  3352341,
8192,  6060171,  5992946,  11522221,  3482524,
8192,  6129572,  6228593,  11410601,  3321633,
8192,  6014104,  6338474,  11651271,  3483624,
8192,  6344425,  6067811,  12058886,  3360340,




