65536,  256,  1549956,  160998,  126908,
65536,  256,  1487978,  162566,  75426,
65536,  256,  1491060,  143442,  79757,
65536,  512,  3056055,  778504,  208971,
65536,  512,  3089222,  568489,  293553,
65536,  512,  3051596,  340457,  219980,
65536,  1024,  7276272,  1104370,  612744,
65536,  1024,  7280657,  1118287,  541588,
65536,  1024,  7301394,  1376917,  556006,
65536,  2048,  20484443,  1617658,  1193246,
65536,  2048,  20525599,  1826771,  1166878,
65536,  2048,  20707530,  1547780,  1229444,
65536,  256,  179176,  433261,  11718,  12735,  22490,  491,  1546226,
65536,  256,  347781,  347615,  29737,  9358,  15440,  467,  1571769,
65536,  256,  287512,  472444,  12977,  8805,  20983,  474,  1484817,
65536,  512,  613813,  474059,  105277,  12717,  31335,  939,  2877872,  2737249,
65536,  512,  1276480,  1152682,  75815,  11083,  36548,  833,  2830166,  2963127,
65536,  512,  2769721,  620134,  92244,  11235,  40853,  807,  2853541,  2815732,
65536,  1024,  1346057,  1530585,  165180,  38675,  89724,  2293,  5827912,  5891669,  5923471,
65536,  1024,  2168063,  2123246,  188320,  32499,  74142,  2682,  5392698,  5881069,  5506890,
65536,  1024,  1043712,  1014567,  151949,  31843,  78759,  2290,  5784456,  5722066,  5663616,
65536,  2048,  3234582,  3778803,  394798,  109482,  219337,  11195,  11644302,  11584025,  11617542,  11309583,
65536,  2048,  3805506,  6176917,  380733,  113597,  203605,  11381,  11729563,  11546981,  11633455,  11634521,
65536,  2048,  4091515,  3889113,  363527,  113057,  211543,  11104,  11536491,  11914484,  11409213,  11389558,
16384,  256,  256,  673441,  6441014,  2239597,  
16384,  256,  256,  706600,  6330760,  2226353,  
16384,  256,  256,  693897,  6429752,  2238188,  
16384,  512,  256,  1090808,  6282394,  4438554,  4277449,  
16384,  512,  256,  1163670,  6318182,  4404403,  4330945,  
16384,  512,  256,  1219690,  6570262,  4488574,  4309161,  
16384,  1024,  256,  1768484,  6070467,  8562156,  8330298,  8347768,  
16384,  1024,  256,  1795391,  6176173,  8582307,  8377776,  8501452,  
16384,  1024,  256,  1751257,  6194315,  8651916,  8311375,  8382541,  
16384,  2048,  256,  2709460,  6180124,  15883083,  15458199,  15940869,  16133425,  
16384,  2048,  256,  2573552,  6852743,  15986566,  15433654,  15731409,  16103207,  
16384,  2048,  256,  2704732,  5995598,  16045294,  15371812,  15581859,  16040116,  