122508066,  76184936,  0,  256466856,  0,  0,  10809386,  2991691621,
122771821,  83439596,  0,  255678607,  0,  0,  10355391,  2993837214,
123938911,  80321228,  0,  256667332,  0,  0,  10420743,  2995914966,
94270254,  49769176,  0,  386099325,  0,  0,  10452738,  0,
92451676,  51098063,  0,  388034735,  0,  0,  10408761,  0,
94002644,  56942934,  0,  384914049,  0,  0,  11313402,  0,
76275909,  42127352,  0,  618409511,  0,  0,  10651381,  0,
75241992,  43469968,  0,  618013877,  0,  0,  11597432,  0,
75339016,  38794251,  0,  622072500,  0,  0,  10563176,  0
79777524,  41150405,  0,  1056611291,  0,  0,  10587968,  0,
80281432,  41446305,  0,  1062898561,  0,  0,  10673557,  0,
79694643,  40399568,  0,  1060027307,  0,  0,  10538506,  0,