8192,  256,  603839,  76846,  114323,
8192,  256,  501671,  66734,  124299,
8192,  256,  512228,  60518,  123260,
8192,  512,  1646480,  107063,  200126,
8192,  512,  1642827,  103407,  195841,
8192,  512,  1623528,  102191,  193007,
8192,  1024,  4066349,  469041,  614260,
8192,  1024,  4190491,  469415,  615668,
8192,  1024,  4200975,  461725,  689453,
8192,  2048,  12260587,  1516120,  3801939,
8192,  2048,  12891450,  1531905,  4145459,
8192,  2048,  12835846,  1503405,  4092837,
8192,  256,  17881,  16881,  57152,  4609,  195551,  625,  161912,  
8192,  256,  19797,  18053,  60313,  4045,  198703,  734,  140602,  
8192,  256,  19552,  19677,  57388,  4377,  200081,  659,  167940,  
8192,  512,  45380,  44415,  100533,  13174,  401979,  2809,  419686,  431557,  
8192,  512,  43986,  42679,  101041,  13327,  398402,  3043,  396291,  414303,  
8192,  512,  44143,  43763,  101788,  12961,  440021,  3227,  415446,  435297,  
8192,  1024,  276971,  274480,  356454,  55499,  907315,  10765,  989785,  1129477,  1052347,  
8192,  1024,  289047,  282330,  313120,  61571,  908341,  10786,  975024,  1106954,  1035194,  
8192,  1024,  284182,  285906,  308736,  57349,  966424,  10191,  1043487,  1075535,  976485,  
8192,  2048,  490228,  485288,  795049,  260524,  2050103,  37304,  2557664,  3165115,  2743936,  1969975,  
8192,  2048,  496688,  477216,  888742,  247079,  2038646,  37875,  2454396,  2807428,  2769694,  2339912,  
8192,  2048,  474217,  467960,  808312,  265032,  1955880,  41679,  2588679,  2920742,  2739392,  2308037,  
8192,  256,  256,  170727,  1187973,  1083381,  
8192,  256,  256,  177642,  1276121,  1093585,  
8192,  256,  256,  168747,  1241933,  1086327,  
8192,  512,  256,  306944,  1288605,  2109490,  1980645,  
8192,  512,  256,  318018,  1214235,  2093222,  2012997,  
8192,  512,  256,  304638,  1180473,  2148231,  2001496,  
8192,  1024,  256,  520522,  1205109,  3993368,  3719073,  3837019,  
8192,  1024,  256,  466218,  1168629,  3979786,  3847741,  3833077,  
8192,  1024,  256,  476244,  1262509,  3986050,  3794623,  3847602,  
8192,  2048,  256,  733959,  1150544,  6749499,  6562798,  6509074,  6569483,  
8192,  2048,  256,  708785,  1213558,  6803285,  6624170,  6484848,  6632761,  
8192,  2048,  256,  655437,  1235454,  6854388,  6483459,  6460815,  6598810,  