65536,  256,  3720919,  107981,  0,
65536,  256,  3646095,  108163,  0,
65536,  256,  3599737,  141060,  0,
65536,  512,  9763139,  208483,  0,
65536,  512,  9827670,  152913,  0,
65536,  512,  9825205,  164402,  0,
65536,  1024,  24625902,  352185,  0,
65536,  1024,  24516420,  351820,  0,
65536,  1024,  24382335,  340617,  0,
65536,  2048,  61987582,  779653,  0,
65536,  2048,  62802422,  754104,  0,
65536,  2048,  62306674,  821810,  0,
65536,  256,  413859,  118297,  94816,  14787,  276755,  47036,  9595204,
65536,  256,  393393,  392867,  93794,  24528,  260578,  28110,  9779501,
65536,  256,  390566,  392689,  96852,  16895,  252481,  28084,  9734809,
65536,  512,  254185,  126925,  143661,  32613,  539632,  29499,  19653528,  19537417,
65536,  512,  991979,  129926,  156270,  32073,  551460,  44472,  19508694,  19630766,
65536,  512,  1403519,  188344,  155421,  13292,  560401,  29575,  19510696,  19769593,
65536,  1024,  1998021,  1206965,  387798,  45429,  1149906,  46604,  39346443,  39257643,  39513827,
65536,  1024,  1652773,  656955,  409553,  40476,  1108149,  38710,  38778308,  39201550,  39325365,
65536,  1024,  1000257,  689523,  415977,  49541,  1154102,  36525,  39402313,  39518168,  39242015,
65536,  2048,  3733583,  4182828,  872461,  137389,  2474703,  59244,  78647634,  78832953,  78855429,  78544799,
65536,  2048,  1922968,  2165328,  891148,  140636,  2428784,  60192,  78685409,  78632494,  79173828,  79354287,
65536,  2048,  1519844,  1346175,  904853,  135995,  2443027,  68734,  78483165,  78604031,  78975914,  79256324,
65536,  256,  256,  1110741,  0,  1872981,
65536,  256,  256,  958266,  0,  1930682,
65536,  256,  256,  1019374,  0,  1839086,
65536,  512,  256,  2050103,  0,  3825516,  3694610,
65536,  512,  256,  2052835,  0,  3753821,  3647199,
65536,  512,  256,  2043025,  0,  3762143,  3720838,
65536,  1024,  256,  3615777,  0,  7440521,  7364838,  7521239,
65536,  1024,  256,  3791890,  0,  7422227,  7261123,  8306966,
65536,  1024,  256,  4034995,  0,  7457846,  7327934,  7819805,
65536,  2048,  256,  6942937,  0,  14557303,  14205229,  15665024,  14996606,
65536,  2048,  256,  7089260,  0,  14480772,  14523667,  15126463,  15152456,
65536,  2048,  256,  7082188,  0,  14585658,  14346840,  15596447,  15246152,