0,  0,  75476,  0,  0,  171986,  0,
0,  0,  43693,  0,  0,  3733,  0,
0,  0,  43377,  0,  0,  3697,  0,
0,  0,  42726,  0,  0,  3627,  0,
0,  0,  42642,  0,  0,  3722,  0,
0,  0,  43091,  0,  0,  3819,  0,
0,  0,  42934,  0,  0,  4027,  0,
0,  0,  42602,  0,  0,  7422,  0,
0,  0,  43239,  0,  0,  3723,  0,
0,  0,  44847,  0,  0,  3653,  0,
0,  0,  42701,  0,  0,  3764,  0,
0,  0,  42848,  0,  0,  3701,  0,
0,  0,  42613,  0,  0,  7489,  0,
0,  0,  42522,  0,  0,  3673,  0,
0,  0,  42761,  0,  0,  3662,  0,
0,  0,  42981,  0,  0,  3686,  0,
0,  0,  42944,  0,  0,  3794,  0,
0,  0,  42208,  0,  0,  3749,  0,
0,  0,  42679,  0,  0,  4159,  0,
0,  0,  42689,  0,  0,  7605,  0,
0,  0,  42439,  0,  0,  3723,  0,
0,  0,  42814,  0,  0,  3691,  0,
0,  0,  42722,  0,  0,  3737,  0,
0,  0,  42586,  0,  0,  3755,  0,
0,  0,  42734,  0,  0,  3652,  0,
0,  0,  42785,  0,  0,  3948,  0,
0,  0,  42559,  0,  0,  3677,  0,
0,  0,  42766,  0,  0,  3750,  0,
0,  0,  42465,  0,  0,  7548,  0,
0,  0,  42409,  0,  0,  3671,  0,
0,  0,  122967,  0,  0,  3681,  88999,
0,  0,  113652,  0,  0,  14888,  102842,
0,  0,  113287,  0,  0,  7425,  113158,
0,  0,  113336,  0,  0,  6969,  89228,
0,  0,  118712,  0,  0,  15348,  104303,
0,  0,  63742,  0,  0,  9893,  108384,
0,  0,  104544,  0,  0,  3876,  108384,
0,  0,  103359,  0,  0,  3690,  108384,
0,  0,  102975,  0,  0,  3778,  108384,
0,  0,  103218,  0,  0,  3698,  108384,
0,  0,  103084,  0,  0,  3655,  108384,
0,  0,  103267,  0,  0,  3723,  108384,
0,  0,  102556,  0,  0,  3824,  108384,
0,  0,  103321,  0,  0,  3664,  108384,
0,  0,  102682,  0,  0,  4090,  108384,
0,  0,  103142,  0,  0,  3782,  108384,
0,  0,  103173,  0,  0,  3688,  108384,
0,  0,  103235,  0,  0,  3683,  108384,
0,  0,  103046,  0,  0,  3654,  108384,
0,  0,  102925,  0,  0,  3813,  108384,
0,  0,  102673,  0,  0,  3857,  108384,
0,  0,  102958,  0,  0,  3805,  108384,
0,  0,  102922,  0,  0,  3774,  108384,
0,  0,  102912,  0,  0,  3823,  108384,
0,  0,  102579,  0,  0,  3787,  108384,
0,  0,  102682,  0,  0,  3778,  108384,
0,  0,  102931,  0,  0,  3766,  108384,
0,  0,  103008,  0,  0,  3796,  108384,
0,  0,  102782,  0,  0,  3867,  108384,
0,  0,  102817,  0,  0,  3785,  108384,
0,  0,  88161,  0,  0,  3675,  0,
0,  0,  88248,  0,  0,  4038,  0,
0,  0,  87576,  0,  0,  3960,  0,
0,  0,  85633,  0,  0,  4026,  0,
0,  0,  86607,  0,  0,  3936,  0,
0,  0,  85907,  0,  0,  3906,  0,
0,  0,  89096,  0,  0,  3985,  0,
0,  0,  83458,  0,  0,  3897,  0,
0,  0,  84960,  0,  0,  3862,  0,
0,  0,  87537,  0,  0,  4041,  0,
0,  0,  86598,  0,  0,  4085,  0,
0,  0,  85012,  0,  0,  3976,  0,
0,  0,  87809,  0,  0,  3875,  0,
0,  0,  88112,  0,  0,  4118,  0,
0,  0,  86516,  0,  0,  3906,  0,
0,  0,  84171,  0,  0,  3937,  0,
0,  0,  84515,  0,  0,  3936,  0,
0,  0,  81301,  0,  0,  5274,  0,
0,  0,  87899,  0,  0,  3874,  0,
0,  0,  88513,  0,  0,  4087,  0,
0,  0,  86254,  0,  0,  4213,  0,
0,  0,  84386,  0,  0,  3919,  0,
0,  0,  87128,  0,  0,  3981,  0,
0,  0,  84638,  0,  0,  3892,  0,
0,  0,  86428,  0,  0,  3868,  0,
0,  0,  84775,  0,  0,  4008,  0,
0,  0,  86435,  0,  0,  3858,  0,
0,  0,  87437,  0,  0,  3925,  0,
0,  0,  87159,  0,  0,  3957,  0,
0,  0,  87124,  0,  0,  3958,  0,
0,  0,  76466,  0,  0,  3946,  0,
0,  0,  75685,  0,  0,  3914,  0,
0,  0,  75764,  0,  0,  3891,  0,
0,  0,  75273,  0,  0,  7168,  0,
0,  0,  77789,  0,  0,  3915,  0,
0,  0,  75943,  0,  0,  4252,  0,
0,  0,  75704,  0,  0,  4050,  0,
0,  0,  75550,  0,  0,  4091,  0,
0,  0,  77920,  0,  0,  3873,  0,
0,  0,  76444,  0,  0,  3849,  0,
0,  0,  75318,  0,  0,  4098,  0,
0,  0,  76195,  0,  0,  4022,  0,
0,  0,  75593,  0,  0,  5052,  0,
0,  0,  73832,  0,  0,  3994,  0,
0,  0,  74588,  0,  0,  3838,  0,
0,  0,  75402,  0,  0,  3856,  0,
0,  0,  73768,  0,  0,  3973,  0,
0,  0,  76128,  0,  0,  4154,  0,
0,  0,  76587,  0,  0,  4055,  0,
0,  0,  75611,  0,  0,  3870,  0,
0,  0,  73790,  0,  0,  3955,  0,
0,  0,  75556,  0,  0,  3927,  0,
0,  0,  75238,  0,  0,  4018,  0,
0,  0,  74889,  0,  0,  4018,  0,
0,  0,  73808,  0,  0,  3784,  0,
0,  0,  76095,  0,  0,  3822,  0,
0,  0,  76042,  0,  0,  3885,  0,
0,  0,  75939,  0,  0,  3864,  0,
0,  0,  76128,  0,  0,  3903,  0,
0,  0,  79339,  0,  0,  9939,  0,
0,  0,  203466,  0,  0,  4152,  0,
0,  0,  276595,  0,  0,  4027,  0,
0,  0,  233914,  0,  0,  4067,  0,
0,  0,  286386,  0,  0,  3989,  0,
0,  0,  254451,  0,  0,  3967,  0,
0,  0,  200650,  0,  0,  3887,  0,
0,  0,  308682,  0,  0,  3961,  0,
0,  0,  261038,  0,  0,  7433,  0,
0,  0,  282524,  0,  0,  4112,  0,
0,  0,  196896,  0,  0,  4076,  0,
0,  0,  264498,  0,  0,  3868,  0,
0,  0,  176942,  0,  0,  4122,  0,
0,  0,  256990,  0,  0,  10225,  0,
0,  0,  227187,  0,  0,  4074,  0,
0,  0,  195370,  0,  0,  3995,  0,
0,  0,  291490,  0,  0,  11521,  0,
0,  0,  236799,  0,  0,  3937,  0,
0,  0,  292896,  0,  0,  4147,  0,
0,  0,  232457,  0,  0,  14588,  0,
0,  0,  240385,  0,  0,  19022,  0,
0,  0,  251723,  0,  0,  4136,  0,
0,  0,  236796,  0,  0,  4121,  0,
0,  0,  150195,  0,  0,  7343,  0,
0,  0,  233742,  0,  0,  4135,  0,
0,  0,  257763,  0,  0,  7428,  0,
0,  0,  194113,  0,  0,  3970,  0,
0,  0,  244923,  0,  0,  3914,  0,
0,  0,  256290,  0,  0,  15470,  0,
0,  0,  242790,  0,  0,  4027,  0,
0,  0,  221055,  0,  0,  13007,  0,
0,  0,  222305,  0,  0,  63065,  0,
0,  0,  220486,  0,  0,  28663,  0,
0,  0,  216914,  0,  0,  27127,  0,
0,  0,  217255,  0,  0,  26297,  0,
0,  0,  216436,  0,  0,  25645,  0,
0,  0,  217429,  0,  0,  25426,  0,
0,  0,  216417,  0,  0,  25935,  0,
0,  0,  216085,  0,  0,  25508,  0,
0,  0,  215882,  0,  0,  26173,  0,
0,  0,  216609,  0,  0,  25535,  0,
0,  0,  216451,  0,  0,  25537,  0,
0,  0,  216298,  0,  0,  25488,  0,
0,  0,  216580,  0,  0,  25757,  0,
0,  0,  216255,  0,  0,  28068,  0,
0,  0,  216051,  0,  0,  25594,  0,
0,  0,  216531,  0,  0,  27604,  0,
0,  0,  216392,  0,  0,  27175,  0,
0,  0,  216088,  0,  0,  25640,  0,
0,  0,  216642,  0,  0,  26055,  0,
0,  0,  216376,  0,  0,  25472,  0,
0,  0,  216099,  0,  0,  26917,  0,
0,  0,  216524,  0,  0,  26685,  0,
0,  0,  216094,  0,  0,  25645,  0,
0,  0,  216137,  0,  0,  25560,  0,
0,  0,  216166,  0,  0,  25593,  0,
0,  0,  216388,  0,  0,  25875,  0,
0,  0,  216210,  0,  0,  25858,  0,
0,  0,  216146,  0,  0,  25692,  0,
0,  0,  216539,  0,  0,  25715,  0,
0,  0,  216266,  0,  0,  25734,  0,
0,  0,  349799,  0,  0,  27079,  219962,
0,  0,  343717,  0,  0,  40433,  228944,
0,  0,  372982,  0,  0,  24920,  217354,
0,  0,  345286,  0,  0,  27641,  230599,
0,  0,  372368,  0,  0,  27353,  223468,
0,  0,  347117,  0,  0,  28441,  216766,
0,  0,  376673,  0,  0,  24819,  216766,
0,  0,  374128,  0,  0,  29297,  216766,
0,  0,  372969,  0,  0,  27417,  216766,
0,  0,  373997,  0,  0,  24689,  216766,
0,  0,  373563,  0,  0,  23499,  216766,
0,  0,  373478,  0,  0,  28260,  216766,
0,  0,  373252,  0,  0,  26455,  216766,
0,  0,  375714,  0,  0,  26610,  216766,
0,  0,  377656,  0,  0,  24738,  216766,
0,  0,  372551,  0,  0,  29944,  216766,
0,  0,  393962,  0,  0,  26799,  216766,
0,  0,  392938,  0,  0,  27795,  216766,
0,  0,  393846,  0,  0,  25423,  216766,
0,  0,  394370,  0,  0,  23592,  216766,
0,  0,  394575,  0,  0,  23744,  216766,
0,  0,  394179,  0,  0,  22953,  216766,
0,  0,  393930,  0,  0,  24966,  216766,
0,  0,  394065,  0,  0,  25137,  216766,
0,  0,  397695,  0,  0,  26301,  216766,
0,  0,  396279,  0,  0,  18991,  216766,
0,  0,  393698,  0,  0,  25395,  216766,
0,  0,  394494,  0,  0,  22897,  216766,
0,  0,  396948,  0,  0,  45121,  216766,
0,  0,  397100,  0,  0,  22877,  216766,
0,  0,  304346,  0,  0,  18662,  0,
0,  0,  291560,  0,  0,  19546,  0,
0,  0,  288680,  0,  0,  18491,  0,
0,  0,  291611,  0,  0,  51638,  0,
0,  0,  287775,  0,  0,  18523,  0,
0,  0,  287805,  0,  0,  18635,  0,
0,  0,  287412,  0,  0,  37201,  0,
0,  0,  288641,  0,  0,  22189,  0,
0,  0,  287582,  0,  0,  18240,  0,
0,  0,  287180,  0,  0,  21713,  0,
0,  0,  292195,  0,  0,  18910,  0,
0,  0,  286957,  0,  0,  18688,  0,
0,  0,  299985,  0,  0,  26181,  0,
0,  0,  300649,  0,  0,  23554,  0,
0,  0,  288364,  0,  0,  55838,  0,
0,  0,  288126,  0,  0,  18414,  0,
0,  0,  291622,  0,  0,  22129,  0,
0,  0,  304714,  0,  0,  23663,  0,
0,  0,  301173,  0,  0,  25552,  0,
0,  0,  304736,  0,  0,  23615,  0,
0,  0,  304775,  0,  0,  24687,  0,
0,  0,  302623,  0,  0,  28144,  0,
0,  0,  287707,  0,  0,  20604,  0,
0,  0,  290510,  0,  0,  22205,  0,
0,  0,  302151,  0,  0,  23890,  0,
0,  0,  300975,  0,  0,  25451,  0,
0,  0,  303233,  0,  0,  25316,  0,
0,  0,  303846,  0,  0,  25482,  0,
0,  0,  302339,  0,  0,  25278,  0,
0,  0,  301586,  0,  0,  24464,  0,
0,  0,  272456,  0,  0,  25812,  0,
0,  0,  257988,  0,  0,  18768,  0,
0,  0,  262670,  0,  0,  18556,  0,
0,  0,  258886,  0,  0,  18306,  0,
0,  0,  261945,  0,  0,  18346,  0,
0,  0,  262616,  0,  0,  22346,  0,
0,  0,  262501,  0,  0,  20203,  0,
0,  0,  257088,  0,  0,  19323,  0,
0,  0,  261962,  0,  0,  23081,  0,
0,  0,  255575,  0,  0,  21933,  0,
0,  0,  257938,  0,  0,  18798,  0,
0,  0,  265665,  0,  0,  14454,  0,
0,  0,  263277,  0,  0,  14048,  0,
0,  0,  262995,  0,  0,  33329,  0,
0,  0,  267100,  0,  0,  14749,  0,
0,  0,  267021,  0,  0,  14262,  0,
0,  0,  266350,  0,  0,  14073,  0,
0,  0,  268322,  0,  0,  15729,  0,
0,  0,  264914,  0,  0,  20013,  0,
0,  0,  266132,  0,  0,  14816,  0,
0,  0,  268765,  0,  0,  14498,  0,
0,  0,  260478,  0,  0,  52766,  0,
0,  0,  263771,  0,  0,  13981,  0,
0,  0,  264012,  0,  0,  14289,  0,
0,  0,  260628,  0,  0,  18380,  0,
0,  0,  263865,  0,  0,  14344,  0,
0,  0,  263819,  0,  0,  14085,  0,
0,  0,  262965,  0,  0,  13948,  0,
0,  0,  264024,  0,  0,  13967,  0,
0,  0,  264586,  0,  0,  14706,  0,
0,  0,  613809,  0,  0,  25945,  0,
0,  0,  605441,  0,  0,  31385,  0,
0,  0,  526348,  0,  0,  26021,  0,
0,  0,  563260,  0,  0,  26754,  0,
0,  0,  553499,  0,  0,  39111,  0,
0,  0,  571532,  0,  0,  76396,  0,
0,  0,  549051,  0,  0,  24281,  0,
0,  0,  640570,  0,  0,  27119,  0,
0,  0,  515946,  0,  0,  30172,  0,
0,  0,  698405,  0,  0,  31685,  0,
0,  0,  665149,  0,  0,  29018,  0,
0,  0,  606994,  0,  0,  29943,  0,
0,  0,  579209,  0,  0,  26242,  0,
0,  0,  591116,  0,  0,  27014,  0,
0,  0,  628837,  0,  0,  26785,  0,
0,  0,  595990,  0,  0,  25282,  0,
0,  0,  598509,  0,  0,  23089,  0,
0,  0,  611414,  0,  0,  37211,  0,
0,  0,  591543,  0,  0,  26263,  0,
0,  0,  657243,  0,  0,  27550,  0,
0,  0,  586852,  0,  0,  28600,  0,
0,  0,  586713,  0,  0,  62097,  0,
0,  0,  626114,  0,  0,  27331,  0,
0,  0,  612442,  0,  0,  28357,  0,
0,  0,  558819,  0,  0,  22364,  0,
0,  0,  626789,  0,  0,  26933,  0,
0,  0,  492046,  0,  0,  26613,  0,
0,  0,  592745,  0,  0,  29194,  0,
0,  0,  565273,  0,  0,  29771,  0,
0,  0,  557909,  0,  0,  24295,  0,
0,  0,  640120,  0,  0,  82714,  0,
0,  0,  632897,  0,  0,  44533,  0,
0,  0,  631465,  0,  0,  43973,  0,
0,  0,  631012,  0,  0,  46680,  0,
0,  0,  630262,  0,  0,  265491,  0,
0,  0,  627944,  0,  0,  53922,  0,
0,  0,  629706,  0,  0,  52506,  0,
0,  0,  629333,  0,  0,  53028,  0,
0,  0,  629558,  0,  0,  52388,  0,
0,  0,  629324,  0,  0,  55069,  0,
0,  0,  629095,  0,  0,  54016,  0,
0,  0,  628883,  0,  0,  53330,  0,
0,  0,  629035,  0,  0,  53442,  0,
0,  0,  630612,  0,  0,  52620,  0,
0,  0,  631459,  0,  0,  52946,  0,
0,  0,  630935,  0,  0,  55484,  0,
0,  0,  631243,  0,  0,  52780,  0,
0,  0,  631911,  0,  0,  57504,  0,
0,  0,  632301,  0,  0,  55756,  0,
0,  0,  631692,  0,  0,  57509,  0,
0,  0,  630823,  0,  0,  54042,  0,
0,  0,  631410,  0,  0,  53365,  0,
0,  0,  631797,  0,  0,  52163,  0,
0,  0,  631058,  0,  0,  54574,  0,
0,  0,  631975,  0,  0,  52430,  0,
0,  0,  632185,  0,  0,  52873,  0,
0,  0,  632447,  0,  0,  55927,  0,
0,  0,  630339,  0,  0,  54666,  0,
0,  0,  630880,  0,  0,  53877,  0,
0,  0,  632317,  0,  0,  52583,  0,
0,  0,  900174,  0,  0,  54635,  367642,
0,  0,  981470,  0,  0,  69711,  382401,
0,  0,  821902,  0,  0,  55208,  373377,
0,  0,  987733,  0,  0,  75475,  360086,
0,  0,  893091,  0,  0,  57222,  360355,
0,  0,  817683,  0,  0,  44505,  372877,
0,  0,  834630,  0,  0,  55339,  372877,
0,  0,  826211,  0,  0,  56769,  372877,
0,  0,  832404,  0,  0,  53734,  372877,
0,  0,  825551,  0,  0,  43442,  372877,
0,  0,  838934,  0,  0,  55964,  372877,
0,  0,  831164,  0,  0,  58309,  372877,
0,  0,  825589,  0,  0,  56000,  372877,
0,  0,  593157,  0,  0,  105924,  372877,
0,  0,  580361,  0,  0,  36005,  372877,
0,  0,  897536,  0,  0,  54542,  372877,
0,  0,  830415,  0,  0,  56234,  372877,
0,  0,  897147,  0,  0,  55317,  372877,
0,  0,  828279,  0,  0,  55906,  372877,
0,  0,  892699,  0,  0,  56961,  372877,
0,  0,  829823,  0,  0,  89616,  372877,
0,  0,  894693,  0,  0,  56284,  372877,
0,  0,  829793,  0,  0,  58989,  372877,
0,  0,  894746,  0,  0,  55840,  372877,
0,  0,  829141,  0,  0,  57905,  372877,
0,  0,  896404,  0,  0,  56448,  372877,
0,  0,  829504,  0,  0,  56553,  372877,
0,  0,  894554,  0,  0,  56120,  372877,
0,  0,  829863,  0,  0,  58899,  372877,
0,  0,  894386,  0,  0,  53344,  372877,
0,  0,  655733,  0,  0,  56336,  0,
0,  0,  738112,  0,  0,  43699,  0,
0,  0,  672647,  0,  0,  45925,  0,
0,  0,  736434,  0,  0,  57622,  0,
0,  0,  677043,  0,  0,  49603,  0,
0,  0,  740474,  0,  0,  45144,  0,
0,  0,  679989,  0,  0,  46356,  0,
0,  0,  739998,  0,  0,  45852,  0,
0,  0,  675104,  0,  0,  48463,  0,
0,  0,  739309,  0,  0,  45640,  0,
0,  0,  683599,  0,  0,  44428,  0,
0,  0,  741092,  0,  0,  44410,  0,
0,  0,  677437,  0,  0,  45930,  0,
0,  0,  741001,  0,  0,  43912,  0,
0,  0,  677036,  0,  0,  47406,  0,
0,  0,  740914,  0,  0,  44054,  0,
0,  0,  659778,  0,  0,  56882,  0,
0,  0,  744428,  0,  0,  45910,  0,
0,  0,  658772,  0,  0,  53180,  0,
0,  0,  718564,  0,  0,  57625,  0,
0,  0,  676073,  0,  0,  76617,  0,
0,  0,  740212,  0,  0,  45433,  0,
0,  0,  656655,  0,  0,  53279,  0,
0,  0,  739692,  0,  0,  44648,  0,
0,  0,  658712,  0,  0,  55544,  0,
0,  0,  740145,  0,  0,  44172,  0,
0,  0,  676058,  0,  0,  43931,  0,
0,  0,  740084,  0,  0,  43516,  0,
0,  0,  639876,  0,  0,  57994,  0,
0,  0,  740069,  0,  0,  43905,  0,
0,  0,  583206,  0,  0,  53024,  0,
0,  0,  609458,  0,  0,  55845,  0,
0,  0,  577434,  0,  0,  58393,  0,
0,  0,  598565,  0,  0,  53044,  0,
0,  0,  576280,  0,  0,  56019,  0,
0,  0,  623839,  0,  0,  53398,  0,
0,  0,  574627,  0,  0,  53972,  0,
0,  0,  608895,  0,  0,  58630,  0,
0,  0,  577094,  0,  0,  58064,  0,
0,  0,  628987,  0,  0,  61461,  0,
0,  0,  578930,  0,  0,  56800,  0,
0,  0,  624522,  0,  0,  62018,  0,
0,  0,  581036,  0,  0,  53530,  0,
0,  0,  624865,  0,  0,  55339,  0,
0,  0,  583599,  0,  0,  69924,  0,
0,  0,  629055,  0,  0,  56192,  0,
0,  0,  574192,  0,  0,  53328,  0,
0,  0,  630068,  0,  0,  52761,  0,
0,  0,  575280,  0,  0,  57382,  0,
0,  0,  598517,  0,  0,  162428,  0,
0,  0,  577693,  0,  0,  61237,  0,
0,  0,  626763,  0,  0,  54239,  0,
0,  0,  574311,  0,  0,  52418,  0,
0,  0,  622852,  0,  0,  55772,  0,
0,  0,  577906,  0,  0,  55378,  0,
0,  0,  621059,  0,  0,  65251,  0,
0,  0,  577991,  0,  0,  54695,  0,
0,  0,  601759,  0,  0,  52932,  0,
0,  0,  579133,  0,  0,  54942,  0,
0,  0,  616513,  0,  0,  57240,  0,
0,  0,  917250,  0,  0,  54475,  0,
0,  0,  938828,  0,  0,  72671,  0,
0,  0,  966158,  0,  0,  77053,  0,
0,  0,  916542,  0,  0,  65547,  0,
0,  0,  1066501,  0,  0,  46376,  0,
0,  0,  1084675,  0,  0,  59845,  0,
0,  0,  900169,  0,  0,  40982,  0,
0,  0,  1003351,  0,  0,  60589,  0,
0,  0,  944235,  0,  0,  53300,  0,
0,  0,  876267,  0,  0,  65460,  0,
0,  0,  988756,  0,  0,  93665,  0,
0,  0,  1030442,  0,  0,  58347,  0,
0,  0,  975890,  0,  0,  54983,  0,
0,  0,  1053770,  0,  0,  71271,  0,
0,  0,  1013819,  0,  0,  61157,  0,
0,  0,  926182,  0,  0,  41097,  0,
0,  0,  1054900,  0,  0,  49938,  0,
0,  0,  1092059,  0,  0,  62445,  0,
0,  0,  1024718,  0,  0,  53057,  0,
0,  0,  1146550,  0,  0,  56268,  0,
0,  0,  1044954,  0,  0,  60154,  0,
0,  0,  972158,  0,  0,  108087,  0,
0,  0,  1014527,  0,  0,  56360,  0,
0,  0,  1127817,  0,  0,  56010,  0,
0,  0,  1098410,  0,  0,  67757,  0,
0,  0,  972182,  0,  0,  55792,  0,
0,  0,  1002938,  0,  0,  51294,  0,
0,  0,  1141502,  0,  0,  53677,  0,
0,  0,  1007645,  0,  0,  63992,  0,
0,  0,  1128266,  0,  0,  42482,  0,
0,  0,  1488875,  0,  0,  155689,  0,
0,  0,  1457778,  0,  0,  290060,  0,
0,  0,  1463247,  0,  0,  103822,  0,
0,  0,  1475075,  0,  0,  109815,  0,
0,  0,  1472295,  0,  0,  114074,  0,
0,  0,  1469957,  0,  0,  94343,  0,
0,  0,  1473452,  0,  0,  101700,  0,
0,  0,  1472620,  0,  0,  103724,  0,
0,  0,  1472409,  0,  0,  95920,  0,
0,  0,  1473337,  0,  0,  86849,  0,
0,  0,  1470924,  0,  0,  160374,  0,
0,  0,  1468819,  0,  0,  118516,  0,
0,  0,  1464198,  0,  0,  108946,  0,
0,  0,  1471426,  0,  0,  107208,  0,
0,  0,  1475188,  0,  0,  133346,  0,
0,  0,  1459374,  0,  0,  102835,  0,
0,  0,  1458876,  0,  0,  107229,  0,
0,  0,  1458143,  0,  0,  96429,  0,
0,  0,  1459060,  0,  0,  90994,  0,
0,  0,  1459842,  0,  0,  113049,  0,
0,  0,  1462336,  0,  0,  119760,  0,
0,  0,  1463021,  0,  0,  96708,  0,
0,  0,  1460879,  0,  0,  81673,  0,
0,  0,  1468388,  0,  0,  90100,  0,
0,  0,  1456010,  0,  0,  126603,  0,
0,  0,  1477542,  0,  0,  104166,  0,
0,  0,  1476010,  0,  0,  114169,  0,
0,  0,  1461503,  0,  0,  98549,  0,
0,  0,  1458297,  0,  0,  116089,  0,
0,  0,  1461406,  0,  0,  108593,  0,
0,  0,  1563259,  0,  0,  95921,  695718,
0,  0,  1588165,  0,  0,  721424,  719380,
0,  0,  1592627,  0,  0,  141485,  705220,
0,  0,  1537706,  0,  0,  116579,  692996,
0,  0,  1593199,  0,  0,  143430,  709533,
0,  0,  1595748,  0,  0,  108804,  707509,
0,  0,  1603892,  0,  0,  92487,  707509,
0,  0,  1597140,  0,  0,  101097,  707509,
0,  0,  1326397,  0,  0,  106960,  707509,
0,  0,  1402994,  0,  0,  93962,  707509,
0,  0,  1413798,  0,  0,  103251,  707509,
0,  0,  1605753,  0,  0,  370809,  707509,
0,  0,  1608547,  0,  0,  116427,  707509,
0,  0,  1545795,  0,  0,  96190,  707509,
0,  0,  1544928,  0,  0,  92214,  707509,
0,  0,  1541180,  0,  0,  121903,  707509,
0,  0,  1544032,  0,  0,  98341,  707509,
0,  0,  1532846,  0,  0,  121283,  707509,
0,  0,  1521791,  0,  0,  119503,  707509,
0,  0,  1341437,  0,  0,  103247,  707509,
0,  0,  1395690,  0,  0,  86970,  707509,
0,  0,  1397450,  0,  0,  121156,  707509,
0,  0,  1313878,  0,  0,  95129,  707509,
0,  0,  1526989,  0,  0,  132329,  707509,
0,  0,  1527011,  0,  0,  95402,  707509,
0,  0,  1533388,  0,  0,  120142,  707509,
0,  0,  1534763,  0,  0,  141959,  707509,
0,  0,  1527242,  0,  0,  102978,  707509,
0,  0,  1527964,  0,  0,  116267,  707509,
0,  0,  1584789,  0,  0,  130448,  707509,
0,  0,  1164245,  0,  0,  135555,  0,
0,  0,  1132728,  0,  0,  117633,  0,
0,  0,  1130104,  0,  0,  107514,  0,
0,  0,  1121184,  0,  0,  132673,  0,
0,  0,  1142448,  0,  0,  141233,  0,
0,  0,  1159923,  0,  0,  102733,  0,
0,  0,  1178943,  0,  0,  97669,  0,
0,  0,  1139758,  0,  0,  98293,  0,
0,  0,  1139758,  0,  0,  99844,  0,
0,  0,  1193965,  0,  0,  157882,  0,
0,  0,  1205754,  0,  0,  91728,  0,
0,  0,  1188692,  0,  0,  130359,  0,
0,  0,  1117733,  0,  0,  150821,  0,
0,  0,  1124558,  0,  0,  84623,  0,
0,  0,  1105915,  0,  0,  87523,  0,
0,  0,  1108565,  0,  0,  119502,  0,
0,  0,  1121016,  0,  0,  99526,  0,
0,  0,  1176971,  0,  0,  95817,  0,
0,  0,  1149325,  0,  0,  87964,  0,
0,  0,  1147521,  0,  0,  100292,  0,
0,  0,  1140716,  0,  0,  113458,  0,
0,  0,  1196665,  0,  0,  86486,  0,
0,  0,  1145854,  0,  0,  113096,  0,
0,  0,  1206503,  0,  0,  105011,  0,
0,  0,  1154657,  0,  0,  100116,  0,
0,  0,  1150295,  0,  0,  111586,  0,
0,  0,  1213034,  0,  0,  142280,  0,
0,  0,  1183716,  0,  0,  126904,  0,
0,  0,  1230548,  0,  0,  83947,  0,
0,  0,  1228054,  0,  0,  109182,  0,
0,  0,  1041669,  0,  0,  96037,  0,
0,  0,  1034349,  0,  0,  122562,  0,
0,  0,  1041837,  0,  0,  103552,  0,
0,  0,  1043961,  0,  0,  101145,  0,
0,  0,  1045503,  0,  0,  104971,  0,
0,  0,  1021176,  0,  0,  120554,  0,
0,  0,  997142,  0,  0,  105618,  0,
0,  0,  1043462,  0,  0,  91922,  0,
0,  0,  1053188,  0,  0,  116064,  0,
0,  0,  1051837,  0,  0,  94457,  0,
0,  0,  1057024,  0,  0,  127930,  0,
0,  0,  1044655,  0,  0,  128531,  0,
0,  0,  1054117,  0,  0,  118349,  0,
0,  0,  1052973,  0,  0,  105614,  0,
0,  0,  1043633,  0,  0,  110795,  0,
0,  0,  1054042,  0,  0,  93963,  0,
0,  0,  1018626,  0,  0,  136547,  0,
0,  0,  1041499,  0,  0,  98291,  0,
0,  0,  1050475,  0,  0,  103891,  0,
0,  0,  1032094,  0,  0,  110893,  0,
0,  0,  1019347,  0,  0,  127943,  0,
0,  0,  1002069,  0,  0,  130522,  0,
0,  0,  1014132,  0,  0,  153324,  0,
0,  0,  1028420,  0,  0,  103453,  0,
0,  0,  1039527,  0,  0,  118439,  0,
0,  0,  1027676,  0,  0,  92325,  0,
0,  0,  1043180,  0,  0,  124377,  0,
0,  0,  1042154,  0,  0,  112179,  0,
0,  0,  1037261,  0,  0,  105588,  0,
0,  0,  1043795,  0,  0,  104944,  0,
0,  0,  1821414,  0,  0,  121338,  0,
0,  0,  1419613,  0,  0,  91759,  0,
0,  0,  1574002,  0,  0,  102030,  0,
0,  0,  1541749,  0,  0,  112429,  0,
0,  0,  1515593,  0,  0,  116198,  0,
0,  0,  1624483,  0,  0,  135763,  0,
0,  0,  1437902,  0,  0,  97678,  0,
0,  0,  1468798,  0,  0,  143568,  0,
0,  0,  1664994,  0,  0,  93846,  0,
0,  0,  1450014,  0,  0,  105247,  0,
0,  0,  1499084,  0,  0,  95706,  0,
0,  0,  1431352,  0,  0,  104965,  0,
0,  0,  1540948,  0,  0,  722386,  0,
0,  0,  1549516,  0,  0,  147471,  0,
0,  0,  1381664,  0,  0,  97216,  0,
0,  0,  1542820,  0,  0,  92167,  0,
0,  0,  1571324,  0,  0,  102293,  0,
0,  0,  1655099,  0,  0,  94751,  0,
0,  0,  1438850,  0,  0,  124861,  0,
0,  0,  1916571,  0,  0,  102227,  0,
0,  0,  1533893,  0,  0,  129524,  0,
0,  0,  1525877,  0,  0,  125698,  0,
0,  0,  1461375,  0,  0,  90071,  0,
0,  0,  2080912,  0,  0,  138998,  0,
0,  0,  1391923,  0,  0,  100582,  0,
0,  0,  1517701,  0,  0,  125500,  0,
0,  0,  1615609,  0,  0,  121698,  0,
0,  0,  1893094,  0,  0,  122004,  0,
0,  0,  1455591,  0,  0,  135333,  0,
0,  0,  1524077,  0,  0,  123362,  0,
0,  0,  2669341,  0,  0,  176244,  0,
0,  0,  2694908,  0,  0,  184754,  0,
0,  0,  2661881,  0,  0,  153257,  0,
0,  0,  2685585,  0,  0,  192091,  0,
0,  0,  2685761,  0,  0,  134093,  0,
0,  0,  2680902,  0,  0,  136839,  0,
0,  0,  2679536,  0,  0,  169840,  0,
0,  0,  2679183,  0,  0,  148481,  0,
0,  0,  2679298,  0,  0,  171827,  0,
0,  0,  2686981,  0,  0,  138462,  0,
0,  0,  2732530,  0,  0,  153160,  0,
0,  0,  2696657,  0,  0,  131973,  0,
0,  0,  2687680,  0,  0,  142755,  0,
0,  0,  2691259,  0,  0,  141762,  0,
0,  0,  2688789,  0,  0,  136082,  0,
0,  0,  2688566,  0,  0,  127983,  0,
0,  0,  2689939,  0,  0,  146613,  0,
0,  0,  2681206,  0,  0,  129870,  0,
0,  0,  2683163,  0,  0,  145977,  0,
0,  0,  2654922,  0,  0,  170802,  0,
0,  0,  2660802,  0,  0,  137857,  0,
0,  0,  2688050,  0,  0,  134685,  0,
0,  0,  2676942,  0,  0,  165355,  0,
0,  0,  2654932,  0,  0,  164145,  0,
0,  0,  2676815,  0,  0,  142660,  0,
0,  0,  2678751,  0,  0,  163084,  0,
0,  0,  2658915,  0,  0,  131598,  0,
0,  0,  2662118,  0,  0,  158180,  0,
0,  0,  2679100,  0,  0,  150787,  0,
0,  0,  2659634,  0,  0,  161809,  0,
0,  0,  3342453,  0,  0,  163824,  1035638,
0,  0,  2861157,  0,  0,  133524,  998774,
0,  0,  2785817,  0,  0,  132721,  1041317,
0,  0,  2694536,  0,  0,  177040,  1046181,
0,  0,  3163622,  0,  0,  146694,  994733,
0,  0,  2771668,  0,  0,  128126,  1003556,
0,  0,  2784282,  0,  0,  200309,  1003556,
0,  0,  2642663,  0,  0,  169041,  1003556,
0,  0,  2974021,  0,  0,  150475,  1003556,
0,  0,  2945169,  0,  0,  151365,  1003556,
0,  0,  2868987,  0,  0,  155599,  1003556,
0,  0,  2747198,  0,  0,  155706,  1003556,
0,  0,  3069200,  0,  0,  189563,  1003556,
0,  0,  2835435,  0,  0,  147338,  1003556,
0,  0,  2834368,  0,  0,  152265,  1003556,
0,  0,  2769806,  0,  0,  175515,  1003556,
0,  0,  3151492,  0,  0,  153307,  1003556,
0,  0,  2778103,  0,  0,  160759,  1003556,
0,  0,  2842798,  0,  0,  193178,  1003556,
0,  0,  2732356,  0,  0,  170637,  1003556,
0,  0,  3056323,  0,  0,  157676,  1003556,
0,  0,  2849996,  0,  0,  144215,  1003556,
0,  0,  2844739,  0,  0,  164779,  1003556,
0,  0,  2118420,  0,  0,  155633,  1003556,
0,  0,  2635795,  0,  0,  135661,  1003556,
0,  0,  2854448,  0,  0,  160599,  1003556,
0,  0,  3005101,  0,  0,  143410,  1003556,
0,  0,  2955433,  0,  0,  140394,  1003556,
0,  0,  2928053,  0,  0,  147685,  1003556,
0,  0,  2840924,  0,  0,  146690,  1003556,
0,  0,  3068760,  0,  0,  142016,  0,
0,  0,  3042546,  0,  0,  140898,  0,
0,  0,  2968697,  0,  0,  143097,  0,
0,  0,  3006424,  0,  0,  161660,  0,
0,  0,  2949559,  0,  0,  157206,  0,
0,  0,  2872809,  0,  0,  164777,  0,
0,  0,  3035649,  0,  0,  138063,  0,
0,  0,  2906303,  0,  0,  188825,  0,
0,  0,  2838292,  0,  0,  165337,  0,
0,  0,  3007563,  0,  0,  229884,  0,
0,  0,  2908835,  0,  0,  154570,  0,
0,  0,  2905684,  0,  0,  159463,  0,
0,  0,  2988916,  0,  0,  179173,  0,
0,  0,  2983924,  0,  0,  152781,  0,
0,  0,  2908402,  0,  0,  184891,  0,
0,  0,  3013038,  0,  0,  144842,  0,
0,  0,  2979275,  0,  0,  168949,  0,
0,  0,  2900942,  0,  0,  582059,  0,
0,  0,  2995757,  0,  0,  156193,  0,
0,  0,  3027710,  0,  0,  165443,  0,
0,  0,  2905266,  0,  0,  231073,  0,
0,  0,  2991863,  0,  0,  246002,  0,
0,  0,  3049289,  0,  0,  951669,  0,
0,  0,  2975361,  0,  0,  134135,  0,
0,  0,  3017252,  0,  0,  435586,  0,
0,  0,  2920525,  0,  0,  195496,  0,
0,  0,  2842188,  0,  0,  144651,  0,
0,  0,  3077826,  0,  0,  152489,  0,
0,  0,  3055455,  0,  0,  143231,  0,
0,  0,  3004774,  0,  0,  138600,  0,
0,  0,  3508420,  0,  0,  142333,  0,
0,  0,  3456403,  0,  0,  187237,  0,
0,  0,  3467845,  0,  0,  176826,  0,
0,  0,  3501084,  0,  0,  157155,  0,
0,  0,  3473684,  0,  0,  166912,  0,
0,  0,  3434907,  0,  0,  144854,  0,
0,  0,  3504555,  0,  0,  156850,  0,
0,  0,  3476783,  0,  0,  161569,  0,
0,  0,  3493853,  0,  0,  144732,  0,
0,  0,  3477902,  0,  0,  185878,  0,
0,  0,  3468599,  0,  0,  139535,  0,
0,  0,  3458962,  0,  0,  168106,  0,
0,  0,  3500389,  0,  0,  151447,  0,
0,  0,  3441319,  0,  0,  214865,  0,
0,  0,  3479661,  0,  0,  135653,  0,
0,  0,  3546422,  0,  0,  137729,  0,
0,  0,  3394763,  0,  0,  134735,  0,
0,  0,  3478086,  0,  0,  162487,  0,
0,  0,  3501052,  0,  0,  212291,  0,
0,  0,  3468090,  0,  0,  148699,  0,
0,  0,  3444856,  0,  0,  155998,  0,
0,  0,  3544683,  0,  0,  137182,  0,
0,  0,  3509902,  0,  0,  140265,  0,
0,  0,  3454080,  0,  0,  150243,  0,
0,  0,  3514702,  0,  0,  184858,  0,
0,  0,  3511422,  0,  0,  163233,  0,
0,  0,  3486594,  0,  0,  134513,  0,
0,  0,  3493921,  0,  0,  141789,  0,
0,  0,  3453938,  0,  0,  172253,  0,
0,  0,  3411657,  0,  0,  158372,  0,
0,  0,  24211025,  0,  0,  187266,  0,
0,  0,  24232568,  0,  0,  140180,  0,
0,  0,  23208904,  0,  0,  164124,  0,
0,  0,  24771394,  0,  0,  141108,  0,
0,  0,  23448678,  0,  0,  128904,  0,
0,  0,  23080774,  0,  0,  157732,  0,
0,  0,  25169731,  0,  0,  131160,  0,
0,  0,  24822482,  0,  0,  175133,  0,
0,  0,  25326029,  0,  0,  211962,  0,
0,  0,  23699324,  0,  0,  241663,  0,
0,  0,  23116715,  0,  0,  135535,  0,
0,  0,  23409860,  0,  0,  158238,  0,
0,  0,  23831079,  0,  0,  181137,  0,
0,  0,  24316274,  0,  0,  165042,  0,
0,  0,  24424537,  0,  0,  128716,  0,
0,  0,  25050467,  0,  0,  162218,  0,
0,  0,  23751874,  0,  0,  126436,  0,
0,  0,  24396051,  0,  0,  149192,  0,
0,  0,  24871668,  0,  0,  145185,  0,
0,  0,  24875072,  0,  0,  198790,  0,
0,  0,  25069143,  0,  0,  146562,  0,
0,  0,  23962972,  0,  0,  154709,  0,
0,  0,  25202121,  0,  0,  174888,  0,
0,  0,  24570103,  0,  0,  189265,  0,
0,  0,  24846247,  0,  0,  122698,  0,
0,  0,  24903354,  0,  0,  143092,  0,
0,  0,  24116498,  0,  0,  167135,  0,
0,  0,  23586992,  0,  0,  150223,  0,
0,  0,  23819282,  0,  0,  132176,  0,
0,  0,  25533308,  0,  0,  173406,  0,
0,  0,  4530333,  0,  0,  231098,  0,
0,  0,  4588889,  0,  0,  295406,  0,
0,  0,  4548032,  0,  0,  208461,  0,
0,  0,  4647935,  0,  0,  209958,  0,
0,  0,  4623817,  0,  0,  206894,  0,
0,  0,  4584466,  0,  0,  166870,  0,
0,  0,  4588192,  0,  0,  173248,  0,
0,  0,  4608822,  0,  0,  238252,  0,
0,  0,  4605437,  0,  0,  197057,  0,
0,  0,  4579462,  0,  0,  194734,  0,
0,  0,  4575569,  0,  0,  205626,  0,
0,  0,  4642209,  0,  0,  171136,  0,
0,  0,  4589093,  0,  0,  204070,  0,
0,  0,  4676922,  0,  0,  217053,  0,
0,  0,  4529786,  0,  0,  192851,  0,
0,  0,  4533851,  0,  0,  191935,  0,
0,  0,  4560414,  0,  0,  213603,  0,
0,  0,  4664078,  0,  0,  208809,  0,
0,  0,  4572370,  0,  0,  206431,  0,
0,  0,  4549848,  0,  0,  178063,  0,
0,  0,  4547427,  0,  0,  187216,  0,
0,  0,  4638509,  0,  0,  209613,  0,
0,  0,  4568005,  0,  0,  171238,  0,
0,  0,  4537742,  0,  0,  211384,  0,
0,  0,  4543222,  0,  0,  173449,  0,
0,  0,  4536395,  0,  0,  196797,  0,
0,  0,  4549904,  0,  0,  185557,  0,
0,  0,  4548484,  0,  0,  248521,  0,
0,  0,  4596322,  0,  0,  215322,  0,
0,  0,  4638656,  0,  0,  215481,  0,
0,  0,  4577157,  0,  0,  200637,  1886848,
0,  0,  4405596,  0,  0,  216820,  1945158,
0,  0,  4617404,  0,  0,  219855,  1947594,
0,  0,  4558753,  0,  0,  204059,  1912822,
0,  0,  4400007,  0,  0,  203062,  1928476,
0,  0,  4621204,  0,  0,  189152,  1878879,
0,  0,  4380229,  0,  0,  212114,  1878879,
0,  0,  4099974,  0,  0,  204102,  1878879,
0,  0,  4582714,  0,  0,  187392,  1878879,
0,  0,  3239977,  0,  0,  193071,  1878879,
0,  0,  4285393,  0,  0,  204493,  1878879,
0,  0,  4406041,  0,  0,  185023,  1878879,
0,  0,  4118926,  0,  0,  211910,  1878879,
0,  0,  4278963,  0,  0,  193387,  1878879,
0,  0,  4411394,  0,  0,  211268,  1878879,
0,  0,  4056647,  0,  0,  188948,  1878879,
0,  0,  4255219,  0,  0,  202775,  1878879,
0,  0,  4403962,  0,  0,  223680,  1878879,
0,  0,  4099225,  0,  0,  237207,  1878879,
0,  0,  4273093,  0,  0,  226397,  1878879,
0,  0,  4391715,  0,  0,  196884,  1878879,
0,  0,  4383388,  0,  0,  211841,  1878879,
0,  0,  4104662,  0,  0,  211134,  1878879,
0,  0,  4564913,  0,  0,  225829,  1878879,
0,  0,  4345553,  0,  0,  201795,  1878879,
0,  0,  4232860,  0,  0,  185222,  1878879,
0,  0,  4318709,  0,  0,  221277,  1878879,
0,  0,  4327950,  0,  0,  245168,  1878879,
0,  0,  3950235,  0,  0,  183976,  1878879,
0,  0,  4339539,  0,  0,  215424,  1878879,
0,  0,  4349737,  0,  0,  221090,  0,
0,  0,  4202228,  0,  0,  205473,  0,
0,  0,  4339539,  0,  0,  253705,  0,
0,  0,  4266561,  0,  0,  207943,  0,
0,  0,  4162570,  0,  0,  265915,  0,
0,  0,  4376083,  0,  0,  228431,  0,
0,  0,  4332635,  0,  0,  211428,  0,
0,  0,  4266604,  0,  0,  204054,  0,
0,  0,  4427738,  0,  0,  183499,  0,
0,  0,  4329311,  0,  0,  206813,  0,
0,  0,  4249015,  0,  0,  192063,  0,
0,  0,  4384020,  0,  0,  188992,  0,
0,  0,  4244644,  0,  0,  223996,  0,
0,  0,  4062350,  0,  0,  190279,  0,
0,  0,  4355023,  0,  0,  230152,  0,
0,  0,  4241976,  0,  0,  166907,  0,
0,  0,  3958202,  0,  0,  198239,  0,
0,  0,  4392064,  0,  0,  242531,  0,
0,  0,  4269387,  0,  0,  477398,  0,
0,  0,  4245206,  0,  0,  219182,  0,
0,  0,  4301466,  0,  0,  216265,  0,
0,  0,  4260033,  0,  0,  233595,  0,
0,  0,  4173318,  0,  0,  212151,  0,
0,  0,  4248854,  0,  0,  209390,  0,
0,  0,  4260208,  0,  0,  232630,  0,
0,  0,  4132070,  0,  0,  181944,  0,
0,  0,  4234488,  0,  0,  209374,  0,
0,  0,  4410224,  0,  0,  195762,  0,
0,  0,  4114686,  0,  0,  192149,  0,
0,  0,  4265821,  0,  0,  179351,  0,
0,  0,  4795986,  0,  0,  259773,  0,
0,  0,  4685008,  0,  0,  196548,  0,
0,  0,  4798347,  0,  0,  183797,  0,
0,  0,  4826691,  0,  0,  199851,  0,
0,  0,  4652281,  0,  0,  231735,  0,
0,  0,  4823587,  0,  0,  186505,  0,
0,  0,  4757996,  0,  0,  203441,  0,
0,  0,  4637517,  0,  0,  206147,  0,
0,  0,  4715594,  0,  0,  201119,  0,
0,  0,  4765265,  0,  0,  194510,  0,
0,  0,  4690384,  0,  0,  200893,  0,
0,  0,  4813566,  0,  0,  194854,  0,
0,  0,  4756878,  0,  0,  207413,  0,
0,  0,  4701755,  0,  0,  193898,  0,
0,  0,  4780947,  0,  0,  279420,  0,
0,  0,  4831837,  0,  0,  226330,  0,
0,  0,  4686379,  0,  0,  221432,  0,
0,  0,  4766107,  0,  0,  237320,  0,
0,  0,  4768451,  0,  0,  221245,  0,
0,  0,  4708532,  0,  0,  207259,  0,
0,  0,  4767984,  0,  0,  208680,  0,
0,  0,  4775616,  0,  0,  193923,  0,
0,  0,  4722452,  0,  0,  277295,  0,
0,  0,  4780390,  0,  0,  234450,  0,
0,  0,  4848189,  0,  0,  198946,  0,
0,  0,  4727385,  0,  0,  193719,  0,
0,  0,  4751728,  0,  0,  214815,  0,
0,  0,  4817784,  0,  0,  213270,  0,
0,  0,  4682058,  0,  0,  199481,  0,
0,  0,  4726601,  0,  0,  180058,  0,
0,  0,  30470590,  0,  0,  189816,  0,
0,  0,  31612740,  0,  0,  202006,  0,
0,  0,  31327835,  0,  0,  181830,  0,
0,  0,  31660928,  0,  0,  274137,  0,
0,  0,  31281832,  0,  0,  191995,  0,
0,  0,  31921078,  0,  0,  215515,  0,
0,  0,  30505405,  0,  0,  226443,  0,
0,  0,  31251796,  0,  0,  200979,  0,
0,  0,  31888112,  0,  0,  227508,  0,
0,  0,  31529261,  0,  0,  236028,  0,
0,  0,  31142487,  0,  0,  210153,  0,
0,  0,  31241024,  0,  0,  280073,  0,
0,  0,  31746232,  0,  0,  271423,  0,
0,  0,  32109244,  0,  0,  202371,  0,
0,  0,  30738955,  0,  0,  228260,  0,
0,  0,  31739774,  0,  0,  226206,  0,
0,  0,  30267443,  0,  0,  223866,  0,
0,  0,  30479008,  0,  0,  217698,  0,
0,  0,  31709534,  0,  0,  213605,  0,
0,  0,  32251620,  0,  0,  213496,  0,
0,  0,  32339744,  0,  0,  224477,  0,
0,  0,  30766397,  0,  0,  213716,  0,
0,  0,  31664515,  0,  0,  221245,  0,
0,  0,  30819061,  0,  0,  230793,  0,
0,  0,  32569456,  0,  0,  203895,  0,
0,  0,  31032640,  0,  0,  274554,  0,
0,  0,  31411432,  0,  0,  216486,  0,
0,  0,  29600256,  0,  0,  211260,  0,
0,  0,  30046274,  0,  0,  278088,  0,
0,  0,  31528205,  0,  0,  201624,  0,
0,  0,  6855052,  0,  0,  286201,  0,
0,  0,  6843227,  0,  0,  326714,  0,
0,  0,  6822275,  0,  0,  247820,  0,
0,  0,  6813673,  0,  0,  238757,  0,
0,  0,  6811263,  0,  0,  330170,  0,
0,  0,  6771283,  0,  0,  239967,  0,
0,  0,  6821623,  0,  0,  256036,  0,
0,  0,  6833494,  0,  0,  576717,  0,
0,  0,  6902025,  0,  0,  270702,  0,
0,  0,  6764536,  0,  0,  262088,  0,
0,  0,  6782662,  0,  0,  244443,  0,
0,  0,  6856569,  0,  0,  232310,  0,
0,  0,  6813719,  0,  0,  220218,  0,
0,  0,  6808342,  0,  0,  238661,  0,
0,  0,  6936377,  0,  0,  222504,  0,
0,  0,  6836196,  0,  0,  262584,  0,
0,  0,  6846774,  0,  0,  286721,  0,
0,  0,  6893690,  0,  0,  251112,  0,
0,  0,  6757767,  0,  0,  262212,  0,
0,  0,  6744643,  0,  0,  232990,  0,
0,  0,  6771874,  0,  0,  274699,  0,
0,  0,  6762838,  0,  0,  268284,  0,
0,  0,  6753004,  0,  0,  239872,  0,
0,  0,  6756821,  0,  0,  230273,  0,
0,  0,  6803297,  0,  0,  232538,  0,
0,  0,  6814491,  0,  0,  233922,  0,
0,  0,  6824804,  0,  0,  292540,  0,
0,  0,  6753405,  0,  0,  232468,  0,
0,  0,  6765379,  0,  0,  228960,  0,
0,  0,  6817230,  0,  0,  232008,  0,
0,  0,  4758305,  0,  0,  235518,  2767793,
0,  0,  4779474,  0,  0,  274451,  2742563,
0,  0,  4948132,  0,  0,  251788,  2922601,
0,  0,  4676819,  0,  0,  288134,  2715102,
0,  0,  5007841,  0,  0,  246000,  2810393,
0,  0,  4738649,  0,  0,  263284,  2760435,
0,  0,  5226358,  0,  0,  304029,  2760435,
0,  0,  4680816,  0,  0,  257394,  2760435,
0,  0,  4942387,  0,  0,  246737,  2760435,
0,  0,  4996460,  0,  0,  237090,  2760435,
0,  0,  4981360,  0,  0,  266963,  2760435,
0,  0,  4640287,  0,  0,  261172,  2760435,
0,  0,  4988266,  0,  0,  232488,  2760435,
0,  0,  5578223,  0,  0,  242157,  2760435,
0,  0,  5279765,  0,  0,  583464,  2760435,
0,  0,  5274917,  0,  0,  245190,  2760435,
0,  0,  5025387,  0,  0,  227720,  2760435,
0,  0,  5322951,  0,  0,  239928,  2760435,
0,  0,  5264107,  0,  0,  285940,  2760435,
0,  0,  5313815,  0,  0,  274413,  2760435,
0,  0,  4564500,  0,  0,  265678,  2760435,
0,  0,  4943357,  0,  0,  370635,  2760435,
0,  0,  4567988,  0,  0,  589453,  2760435,
0,  0,  4925480,  0,  0,  256942,  2760435,
0,  0,  4574485,  0,  0,  249965,  2760435,
0,  0,  5235003,  0,  0,  364897,  2760435,
0,  0,  5238683,  0,  0,  237296,  2760435,
0,  0,  5215836,  0,  0,  251350,  2760435,
0,  0,  5242461,  0,  0,  255132,  2760435,
0,  0,  4955807,  0,  0,  245972,  2760435,
0,  0,  5481407,  0,  0,  255590,  0,
0,  0,  5370169,  0,  0,  284639,  0,
0,  0,  5286893,  0,  0,  252850,  0,
0,  0,  5534539,  0,  0,  261830,  0,
0,  0,  5132104,  0,  0,  246497,  0,
0,  0,  5205608,  0,  0,  254212,  0,
0,  0,  5431980,  0,  0,  254351,  0,
0,  0,  5137994,  0,  0,  263538,  0,
0,  0,  5275995,  0,  0,  266923,  0,
0,  0,  5502655,  0,  0,  252336,  0,
0,  0,  5207999,  0,  0,  252107,  0,
0,  0,  5239548,  0,  0,  257293,  0,
0,  0,  5441432,  0,  0,  245618,  0,
0,  0,  5188631,  0,  0,  238776,  0,
0,  0,  5208623,  0,  0,  304989,  0,
0,  0,  5447270,  0,  0,  250580,  0,
0,  0,  5161350,  0,  0,  273337,  0,
0,  0,  5212938,  0,  0,  235207,  0,
0,  0,  5429376,  0,  0,  287412,  0,
0,  0,  5199293,  0,  0,  249366,  0,
0,  0,  5096957,  0,  0,  259610,  0,
0,  0,  5513374,  0,  0,  321328,  0,
0,  0,  5358274,  0,  0,  284128,  0,
0,  0,  5214170,  0,  0,  297295,  0,
0,  0,  5440737,  0,  0,  238524,  0,
0,  0,  5142746,  0,  0,  247778,  0,
0,  0,  5239757,  0,  0,  252498,  0,
0,  0,  5506146,  0,  0,  340420,  0,
0,  0,  5367786,  0,  0,  301146,  0,
0,  0,  5328691,  0,  0,  297059,  0,
0,  0,  5993572,  0,  0,  264305,  0,
0,  0,  5916318,  0,  0,  228184,  0,
0,  0,  5853962,  0,  0,  297387,  0,
0,  0,  5972574,  0,  0,  301975,  0,
0,  0,  5890002,  0,  0,  261969,  0,
0,  0,  5891103,  0,  0,  231672,  0,
0,  0,  6039653,  0,  0,  243969,  0,
0,  0,  5868325,  0,  0,  239561,  0,
0,  0,  5912767,  0,  0,  252103,  0,
0,  0,  6012941,  0,  0,  232276,  0,
0,  0,  5906496,  0,  0,  292329,  0,
0,  0,  5956063,  0,  0,  285957,  0,
0,  0,  6028260,  0,  0,  276380,  0,
0,  0,  5945989,  0,  0,  300253,  0,
0,  0,  5893954,  0,  0,  266187,  0,
0,  0,  5944290,  0,  0,  351907,  0,
0,  0,  5911642,  0,  0,  236024,  0,
0,  0,  5895745,  0,  0,  274657,  0,
0,  0,  5936995,  0,  0,  271241,  0,
0,  0,  5909733,  0,  0,  242786,  0,
0,  0,  5907163,  0,  0,  238670,  0,
0,  0,  6041711,  0,  0,  264586,  0,
0,  0,  5921812,  0,  0,  267619,  0,
0,  0,  5969418,  0,  0,  249987,  0,
0,  0,  6047119,  0,  0,  311498,  0,
0,  0,  5964650,  0,  0,  234854,  0,
0,  0,  5877505,  0,  0,  248093,  0,
0,  0,  6015796,  0,  0,  243675,  0,
0,  0,  5916342,  0,  0,  249223,  0,
0,  0,  5991919,  0,  0,  250210,  0,
0,  0,  36607374,  0,  0,  259102,  0,
0,  0,  36214306,  0,  0,  252474,  0,
0,  0,  37560120,  0,  0,  262011,  0,
0,  0,  35523589,  0,  0,  250407,  0,
0,  0,  37856613,  0,  0,  269141,  0,
0,  0,  39840336,  0,  0,  298767,  0,
0,  0,  36467797,  0,  0,  250801,  0,
0,  0,  36046724,  0,  0,  285855,  0,
0,  0,  36226179,  0,  0,  299247,  0,
0,  0,  37515129,  0,  0,  276943,  0,
0,  0,  35342886,  0,  0,  311585,  0,
0,  0,  37575568,  0,  0,  248134,  0,
0,  0,  37574677,  0,  0,  247737,  0,
0,  0,  37181118,  0,  0,  307605,  0,
0,  0,  37268804,  0,  0,  256856,  0,
0,  0,  36152194,  0,  0,  260729,  0,
0,  0,  36386747,  0,  0,  287751,  0,
0,  0,  36161489,  0,  0,  311413,  0,
0,  0,  37240467,  0,  0,  244993,  0,
0,  0,  36018451,  0,  0,  249047,  0,
0,  0,  34754977,  0,  0,  243703,  0,
0,  0,  38374996,  0,  0,  266734,  0,
0,  0,  38350124,  0,  0,  265109,  0,
0,  0,  36402730,  0,  0,  256157,  0,
0,  0,  35844958,  0,  0,  254000,  0,
0,  0,  34602610,  0,  0,  271731,  0,
0,  0,  37860936,  0,  0,  287537,  0,
0,  0,  36627123,  0,  0,  233505,  0,
0,  0,  36187659,  0,  0,  310121,  0,
0,  0,  36679286,  0,  0,  270780,  0,
0,  0,  10366707,  0,  0,  388527,  0,
0,  0,  10577347,  0,  0,  425782,  0,
0,  0,  10409546,  0,  0,  417630,  0,
0,  0,  10327635,  0,  0,  381357,  0,
0,  0,  10404636,  0,  0,  398903,  0,
0,  0,  10383822,  0,  0,  449365,  0,
0,  0,  10305205,  0,  0,  394268,  0,
0,  0,  10521122,  0,  0,  460955,  0,
0,  0,  10427086,  0,  0,  402743,  0,
0,  0,  10290760,  0,  0,  420269,  0,
0,  0,  10324560,  0,  0,  385897,  0,
0,  0,  10292002,  0,  0,  400044,  0,
0,  0,  10522819,  0,  0,  390787,  0,
0,  0,  10535864,  0,  0,  411420,  0,
0,  0,  10346838,  0,  0,  388436,  0,
0,  0,  10500420,  0,  0,  428750,  0,
0,  0,  10417857,  0,  0,  419311,  0,
0,  0,  10285647,  0,  0,  491365,  0,
0,  0,  10291576,  0,  0,  394969,  0,
0,  0,  10398960,  0,  0,  396657,  0,
0,  0,  10382447,  0,  0,  422083,  0,
0,  0,  10343327,  0,  0,  371060,  0,
0,  0,  10344687,  0,  0,  400560,  0,
0,  0,  10505582,  0,  0,  381440,  0,
0,  0,  10387114,  0,  0,  463433,  0,
0,  0,  10407985,  0,  0,  412077,  0,
0,  0,  10499910,  0,  0,  406134,  0,
0,  0,  10345008,  0,  0,  385643,  0,
0,  0,  10337635,  0,  0,  363499,  0,
0,  0,  10379973,  0,  0,  347595,  0,
0,  0,  7232370,  0,  0,  356725,  4696864,
0,  0,  7213078,  0,  0,  463765,  4610132,
0,  0,  7659072,  0,  0,  513081,  4705165,
0,  0,  8666722,  0,  0,  385996,  4636488,
0,  0,  8241630,  0,  0,  408160,  4668645,
0,  0,  8173425,  0,  0,  397733,  4617825,
0,  0,  7502709,  0,  0,  388345,  4617825,
0,  0,  7068852,  0,  0,  406864,  4617825,
0,  0,  7663331,  0,  0,  378266,  4617825,
0,  0,  7644154,  0,  0,  390726,  4617825,
0,  0,  7374698,  0,  0,  369373,  4617825,
0,  0,  7354270,  0,  0,  387726,  4617825,
0,  0,  7361317,  0,  0,  362854,  4617825,
0,  0,  7767620,  0,  0,  421789,  4617825,
0,  0,  7143493,  0,  0,  392605,  4617825,
0,  0,  7280372,  0,  0,  411274,  4617825,
0,  0,  7275367,  0,  0,  366673,  4617825,
0,  0,  7221570,  0,  0,  361627,  4617825,
0,  0,  7733228,  0,  0,  442210,  4617825,
0,  0,  7760988,  0,  0,  365346,  4617825,
0,  0,  7766612,  0,  0,  390313,  4617825,
0,  0,  6887833,  0,  0,  444934,  4617825,
0,  0,  6620451,  0,  0,  378082,  4617825,
0,  0,  7409373,  0,  0,  345051,  4617825,
0,  0,  7680637,  0,  0,  393901,  4617825,
0,  0,  7692884,  0,  0,  430048,  4617825,
0,  0,  7052180,  0,  0,  433097,  4617825,
0,  0,  7045728,  0,  0,  368523,  4617825,
0,  0,  7779022,  0,  0,  447457,  4617825,
0,  0,  8076244,  0,  0,  406877,  4617825,
0,  0,  7523755,  0,  0,  426098,  0,
0,  0,  7495393,  0,  0,  429991,  0,
0,  0,  7535222,  0,  0,  412977,  0,
0,  0,  7546920,  0,  0,  445800,  0,
0,  0,  7456816,  0,  0,  391887,  0,
0,  0,  7474380,  0,  0,  457539,  0,
0,  0,  7422043,  0,  0,  420791,  0,
0,  0,  7090007,  0,  0,  453737,  0,
0,  0,  7441235,  0,  0,  380742,  0,
0,  0,  7221814,  0,  0,  514855,  0,
0,  0,  7291371,  0,  0,  436663,  0,
0,  0,  7254995,  0,  0,  417607,  0,
0,  0,  7390759,  0,  0,  406177,  0,
0,  0,  7216756,  0,  0,  411005,  0,
0,  0,  7253085,  0,  0,  428754,  0,
0,  0,  7214981,  0,  0,  429443,  0,
0,  0,  7443984,  0,  0,  416487,  0,
0,  0,  7258833,  0,  0,  406438,  0,
0,  0,  7212534,  0,  0,  422631,  0,
0,  0,  7306722,  0,  0,  385778,  0,
0,  0,  6945721,  0,  0,  386596,  0,
0,  0,  6947440,  0,  0,  451690,  0,
0,  0,  7089991,  0,  0,  470778,  0,
0,  0,  7152191,  0,  0,  454588,  0,
0,  0,  7128528,  0,  0,  542741,  0,
0,  0,  7253285,  0,  0,  404119,  0,
0,  0,  7264720,  0,  0,  515246,  0,
0,  0,  7214022,  0,  0,  443317,  0,
0,  0,  7262958,  0,  0,  405913,  0,
0,  0,  7203525,  0,  0,  506726,  0,
0,  0,  8406635,  0,  0,  448442,  0,
0,  0,  8424828,  0,  0,  420206,  0,
0,  0,  8441723,  0,  0,  406918,  0,
0,  0,  8449234,  0,  0,  403138,  0,
0,  0,  8446967,  0,  0,  421531,  0,
0,  0,  8288516,  0,  0,  402076,  0,
0,  0,  8336476,  0,  0,  439618,  0,
0,  0,  8491096,  0,  0,  550536,  0,
0,  0,  8415703,  0,  0,  520292,  0,
0,  0,  8472295,  0,  0,  408999,  0,
0,  0,  8405833,  0,  0,  415973,  0,
0,  0,  8426299,  0,  0,  473794,  0,
0,  0,  8352822,  0,  0,  428790,  0,
0,  0,  8462206,  0,  0,  481188,  0,
0,  0,  8381421,  0,  0,  456396,  0,
0,  0,  8557505,  0,  0,  472396,  0,
0,  0,  8554786,  0,  0,  413161,  0,
0,  0,  8417963,  0,  0,  386350,  0,
0,  0,  8426445,  0,  0,  412657,  0,
0,  0,  8404189,  0,  0,  445973,  0,
0,  0,  8473860,  0,  0,  435239,  0,
0,  0,  8463613,  0,  0,  426378,  0,
0,  0,  8512613,  0,  0,  469099,  0,
0,  0,  8487396,  0,  0,  450904,  0,
0,  0,  8479707,  0,  0,  422417,  0,
0,  0,  8367176,  0,  0,  475068,  0,
0,  0,  8490229,  0,  0,  462478,  0,
0,  0,  8368724,  0,  0,  449799,  0,
0,  0,  8419297,  0,  0,  422606,  0,
0,  0,  8507163,  0,  0,  495587,  0,
0,  0,  44587401,  0,  0,  421192,  0,
0,  0,  45298615,  0,  0,  469030,  0,
0,  0,  47703006,  0,  0,  484688,  0,
0,  0,  44214798,  0,  0,  434685,  0,
0,  0,  44220884,  0,  0,  506989,  0,
0,  0,  45251372,  0,  0,  493238,  0,
0,  0,  45715124,  0,  0,  515543,  0,
0,  0,  45144698,  0,  0,  549792,  0,
0,  0,  48096211,  0,  0,  473812,  0,
0,  0,  45730499,  0,  0,  517837,  0,
0,  0,  44580932,  0,  0,  651621,  0,
0,  0,  46575612,  0,  0,  546511,  0,
0,  0,  45518768,  0,  0,  585050,  0,
0,  0,  45523471,  0,  0,  545961,  0,
0,  0,  45195922,  0,  0,  573220,  0,
0,  0,  47557582,  0,  0,  542641,  0,
0,  0,  46173220,  0,  0,  661365,  0,
0,  0,  47206480,  0,  0,  628848,  0,
0,  0,  44730089,  0,  0,  580599,  0,
0,  0,  46044013,  0,  0,  568173,  0,
0,  0,  45565378,  0,  0,  622534,  0,
0,  0,  47721648,  0,  0,  567734,  0,
0,  0,  44611090,  0,  0,  634171,  0,
0,  0,  44351337,  0,  0,  617167,  0,
0,  0,  44347786,  0,  0,  591560,  0,
0,  0,  47022064,  0,  0,  591775,  0,
0,  0,  43872457,  0,  0,  646390,  0,
0,  0,  44901880,  0,  0,  646991,  0,
0,  0,  47026691,  0,  0,  762931,  0,
0,  0,  44489540,  0,  0,  704418,  0,
0,  0,  13507800,  0,  0,  560716,  0,
0,  0,  13698500,  0,  0,  587518,  0,
0,  0,  13571455,  0,  0,  482960,  0,
0,  0,  13569290,  0,  0,  521548,  0,
0,  0,  13802868,  0,  0,  439841,  0,
0,  0,  13646322,  0,  0,  467714,  0,
0,  0,  13649651,  0,  0,  453163,  0,
0,  0,  13663431,  0,  0,  402152,  0,
0,  0,  13812602,  0,  0,  502323,  0,
0,  0,  13824084,  0,  0,  451408,  0,
0,  0,  13817264,  0,  0,  415479,  0,
0,  0,  13661623,  0,  0,  439851,  0,
0,  0,  13539184,  0,  0,  498405,  0,
0,  0,  13563144,  0,  0,  466459,  0,
0,  0,  13576036,  0,  0,  448040,  0,
0,  0,  13609813,  0,  0,  464679,  0,
0,  0,  13578535,  0,  0,  484692,  0,
0,  0,  13735030,  0,  0,  499035,  0,
0,  0,  13619175,  0,  0,  458481,  0,
0,  0,  13570194,  0,  0,  522476,  0,
0,  0,  13557892,  0,  0,  480325,  0,
0,  0,  13570674,  0,  0,  429955,  0,
0,  0,  13639768,  0,  0,  472512,  0,
0,  0,  13782970,  0,  0,  484605,  0,
0,  0,  13799003,  0,  0,  451525,  0,
0,  0,  13522634,  0,  0,  464875,  0,
0,  0,  13544610,  0,  0,  443233,  0,
0,  0,  13568553,  0,  0,  504548,  0,
0,  0,  13668657,  0,  0,  473824,  0,
0,  0,  13688932,  0,  0,  491341,  0,
0,  0,  8816406,  0,  0,  434772,  12261398,
0,  0,  8888279,  0,  0,  458780,  12718635,
0,  0,  9388197,  0,  0,  729362,  12328612,
0,  0,  10585365,  0,  0,  489525,  12777185,
0,  0,  8893245,  0,  0,  453783,  12987200,
0,  0,  10063100,  0,  0,  458831,  12655313,
0,  0,  9962033,  0,  0,  708424,  12655313,
0,  0,  9432160,  0,  0,  480375,  12655313,
0,  0,  9038775,  0,  0,  588247,  12655313,
0,  0,  9039634,  0,  0,  558231,  12655313,
0,  0,  8954398,  0,  0,  462350,  12655313,
0,  0,  9089574,  0,  0,  546990,  12655313,
0,  0,  8811776,  0,  0,  446188,  12655313,
0,  0,  8747112,  0,  0,  455083,  12655313,
0,  0,  8350077,  0,  0,  465679,  12655313,
0,  0,  8151456,  0,  0,  473780,  12655313,
0,  0,  9011534,  0,  0,  509910,  12655313,
0,  0,  8835679,  0,  0,  508559,  12655313,
0,  0,  8761182,  0,  0,  558620,  12655313,
0,  0,  8795440,  0,  0,  421315,  12655313,
0,  0,  8258990,  0,  0,  523678,  12655313,
0,  0,  8410993,  0,  0,  433696,  12655313,
0,  0,  8070968,  0,  0,  486914,  12655313,
0,  0,  8901540,  0,  0,  517150,  12655313,
0,  0,  9459324,  0,  0,  511405,  12655313,
0,  0,  8760713,  0,  0,  550561,  12655313,
0,  0,  8813748,  0,  0,  489985,  12655313,
0,  0,  8908636,  0,  0,  442425,  12655313,
0,  0,  8825407,  0,  0,  458333,  12655313,
0,  0,  9058132,  0,  0,  457391,  12655313,
0,  0,  8361972,  0,  0,  463809,  0,
0,  0,  8373593,  0,  0,  503460,  0,
0,  0,  8416537,  0,  0,  457401,  0,
0,  0,  8222504,  0,  0,  506727,  0,
0,  0,  8472950,  0,  0,  496776,  0,
0,  0,  8240434,  0,  0,  518653,  0,
0,  0,  8615959,  0,  0,  473379,  0,
0,  0,  8294159,  0,  0,  505740,  0,
0,  0,  8157625,  0,  0,  454111,  0,
0,  0,  8129407,  0,  0,  491773,  0,
0,  0,  8408965,  0,  0,  514834,  0,
0,  0,  8412408,  0,  0,  495001,  0,
0,  0,  8515988,  0,  0,  555519,  0,
0,  0,  8375180,  0,  0,  467983,  0,
0,  0,  8421184,  0,  0,  448815,  0,
0,  0,  8155055,  0,  0,  520352,  0,
0,  0,  7870134,  0,  0,  494718,  0,
0,  0,  8695126,  0,  0,  465490,  0,
0,  0,  8591572,  0,  0,  453745,  0,
0,  0,  8491657,  0,  0,  521137,  0,
0,  0,  8468805,  0,  0,  449724,  0,
0,  0,  8362104,  0,  0,  465955,  0,
0,  0,  8483740,  0,  0,  485229,  0,
0,  0,  8413906,  0,  0,  512825,  0,
0,  0,  8114553,  0,  0,  462160,  0,
0,  0,  8187644,  0,  0,  472960,  0,
0,  0,  8358030,  0,  0,  484493,  0,
0,  0,  8375024,  0,  0,  485423,  0,
0,  0,  8416820,  0,  0,  476784,  0,
0,  0,  8398192,  0,  0,  520674,  0,
0,  0,  9191262,  0,  0,  450001,  0,
0,  0,  9171223,  0,  0,  482670,  0,
0,  0,  9239163,  0,  0,  536345,  0,
0,  0,  9273071,  0,  0,  507278,  0,
0,  0,  9237096,  0,  0,  497352,  0,
0,  0,  9246736,  0,  0,  536740,  0,
0,  0,  9242471,  0,  0,  510937,  0,
0,  0,  9102087,  0,  0,  454139,  0,
0,  0,  9231446,  0,  0,  449320,  0,
0,  0,  9260988,  0,  0,  508096,  0,
0,  0,  9205425,  0,  0,  483649,  0,
0,  0,  9228587,  0,  0,  491597,  0,
0,  0,  9170986,  0,  0,  538525,  0,
0,  0,  9217782,  0,  0,  480707,  0,
0,  0,  9181569,  0,  0,  500180,  0,
0,  0,  9228767,  0,  0,  548326,  0,
0,  0,  9289004,  0,  0,  513721,  0,
0,  0,  9224456,  0,  0,  509334,  0,
0,  0,  9200884,  0,  0,  488933,  0,
0,  0,  9245348,  0,  0,  589435,  0,
0,  0,  9065302,  0,  0,  521004,  0,
0,  0,  9031701,  0,  0,  530649,  0,
0,  0,  8927184,  0,  0,  531907,  0,
0,  0,  9246038,  0,  0,  449297,  0,
0,  0,  9255379,  0,  0,  465327,  0,
0,  0,  9238274,  0,  0,  528233,  0,
0,  0,  9131285,  0,  0,  539544,  0,
0,  0,  9176183,  0,  0,  551711,  0,
0,  0,  9265360,  0,  0,  570066,  0,
0,  0,  9172963,  0,  0,  508961,  0,
0,  0,  51343232,  0,  0,  561936,  0,
0,  0,  52589994,  0,  0,  535790,  0,
0,  0,  51812258,  0,  0,  615747,  0,
0,  0,  51362184,  0,  0,  615054,  0,
0,  0,  51399774,  0,  0,  543674,  0,
0,  0,  52975995,  0,  0,  550263,  0,
0,  0,  52316759,  0,  0,  614429,  0,
0,  0,  52639799,  0,  0,  568736,  0,
0,  0,  50982780,  0,  0,  547664,  0,
0,  0,  50199785,  0,  0,  626987,  0,
0,  0,  53600616,  0,  0,  615838,  0,
0,  0,  51736074,  0,  0,  614155,  0,
0,  0,  50862521,  0,  0,  620615,  0,
0,  0,  53346763,  0,  0,  652992,  0,
0,  0,  51729905,  0,  0,  784110,  0,
0,  0,  53002146,  0,  0,  687111,  0,
0,  0,  52285942,  0,  0,  632019,  0,
0,  0,  52785997,  0,  0,  684248,  0,
0,  0,  51372306,  0,  0,  664783,  0,
0,  0,  52602269,  0,  0,  667762,  0,
0,  0,  53186148,  0,  0,  671214,  0,
0,  0,  51054575,  0,  0,  729241,  0,
0,  0,  53632724,  0,  0,  731082,  0,
0,  0,  52953463,  0,  0,  729886,  0,
0,  0,  51919050,  0,  0,  729445,  0,
0,  0,  52239654,  0,  0,  822584,  0,
0,  0,  51339888,  0,  0,  726845,  0,
0,  0,  51643688,  0,  0,  753255,  0,
0,  0,  52468030,  0,  0,  801994,  0,
0,  0,  53615796,  0,  0,  684950,  0,
0,  0,  19002873,  0,  0,  569393,  0,
0,  0,  19194160,  0,  0,  584626,  0,
0,  0,  19142351,  0,  0,  478123,  0,
0,  0,  19200326,  0,  0,  554060,  0,
0,  0,  19178682,  0,  0,  550420,  0,
0,  0,  18960780,  0,  0,  568624,  0,
0,  0,  19068499,  0,  0,  528429,  0,
0,  0,  19138987,  0,  0,  567231,  0,
0,  0,  18971002,  0,  0,  535508,  0,
0,  0,  19499199,  0,  0,  637205,  0,
0,  0,  19013636,  0,  0,  506940,  0,
0,  0,  19179562,  0,  0,  603490,  0,
0,  0,  19212304,  0,  0,  514504,  0,
0,  0,  19362797,  0,  0,  511932,  0,
0,  0,  18952443,  0,  0,  540561,  0,
0,  0,  19164795,  0,  0,  526068,  0,
0,  0,  19343292,  0,  0,  600027,  0,
0,  0,  19177053,  0,  0,  540942,  0,
0,  0,  19130194,  0,  0,  566314,  0,
0,  0,  19116049,  0,  0,  602402,  0,
0,  0,  19379893,  0,  0,  515821,  0,
0,  0,  18976838,  0,  0,  591243,  0,
0,  0,  19077631,  0,  0,  518934,  0,
0,  0,  19178282,  0,  0,  552838,  0,
0,  0,  19122573,  0,  0,  554402,  0,
0,  0,  19034127,  0,  0,  534264,  0,
0,  0,  19025426,  0,  0,  522372,  0,
0,  0,  18940346,  0,  0,  531068,  0,
0,  0,  19218225,  0,  0,  562960,  0,
0,  0,  19384075,  0,  0,  551433,  0,
0,  0,  12606111,  0,  0,  627702,  22719691,
0,  0,  12083900,  0,  0,  600754,  23277368,
0,  0,  12860719,  0,  0,  532610,  21930407,
0,  0,  13809176,  0,  0,  582371,  22588018,
0,  0,  12310849,  0,  0,  532480,  22622091,
0,  0,  13448093,  0,  0,  580407,  22865559,
0,  0,  12166848,  0,  0,  582159,  22865559,
0,  0,  11825627,  0,  0,  550556,  22865559,
0,  0,  12299638,  0,  0,  602432,  22865559,
0,  0,  12019077,  0,  0,  508695,  22865559,
0,  0,  12622503,  0,  0,  542820,  22865559,
0,  0,  13065867,  0,  0,  614960,  22865559,
0,  0,  13059912,  0,  0,  586226,  22865559,
0,  0,  13069524,  0,  0,  564550,  22865559,
0,  0,  12760504,  0,  0,  545543,  22865559,
0,  0,  12044917,  0,  0,  585622,  22865559,
0,  0,  11334719,  0,  0,  578725,  22865559,
0,  0,  12558651,  0,  0,  561536,  22865559,
0,  0,  11654312,  0,  0,  527865,  22865559,
0,  0,  11266637,  0,  0,  545566,  22865559,
0,  0,  11769770,  0,  0,  582832,  22865559,
0,  0,  12570162,  0,  0,  552099,  22865559,
0,  0,  11665935,  0,  0,  553413,  22865559,
0,  0,  11244976,  0,  0,  566859,  22865559,
0,  0,  11361150,  0,  0,  548169,  22865559,
0,  0,  12437591,  0,  0,  494119,  22865559,
0,  0,  12598328,  0,  0,  590081,  22865559,
0,  0,  11643906,  0,  0,  592338,  22865559,
0,  0,  11265269,  0,  0,  518526,  22865559,
0,  0,  11684886,  0,  0,  578913,  22865559,
0,  0,  10586483,  0,  0,  514687,  0,
0,  0,  11024784,  0,  0,  557657,  0,
0,  0,  11075553,  0,  0,  557479,  0,
0,  0,  11000311,  0,  0,  511306,  0,
0,  0,  11230081,  0,  0,  599492,  0,
0,  0,  11273062,  0,  0,  565750,  0,
0,  0,  11261467,  0,  0,  707851,  0,
0,  0,  11309892,  0,  0,  610016,  0,
0,  0,  10947308,  0,  0,  592158,  0,
0,  0,  11143605,  0,  0,  592366,  0,
0,  0,  11017796,  0,  0,  584161,  0,
0,  0,  10729899,  0,  0,  524833,  0,
0,  0,  10705846,  0,  0,  520296,  0,
0,  0,  11291604,  0,  0,  544619,  0,
0,  0,  11035551,  0,  0,  547019,  0,
0,  0,  11047186,  0,  0,  539445,  0,
0,  0,  11044201,  0,  0,  548333,  0,
0,  0,  10973337,  0,  0,  592198,  0,
0,  0,  10939914,  0,  0,  567069,  0,
0,  0,  11055005,  0,  0,  545728,  0,
0,  0,  10742129,  0,  0,  592893,  0,
0,  0,  11199398,  0,  0,  580997,  0,
0,  0,  11205029,  0,  0,  577085,  0,
0,  0,  11205017,  0,  0,  540298,  0,
0,  0,  10662777,  0,  0,  508686,  0,
0,  0,  10594318,  0,  0,  543314,  0,
0,  0,  11297434,  0,  0,  596411,  0,
0,  0,  10759221,  0,  0,  548779,  0,
0,  0,  10336759,  0,  0,  561677,  0,
0,  0,  11269368,  0,  0,  577519,  0,
0,  0,  11519174,  0,  0,  539348,  0,
0,  0,  11566492,  0,  0,  586608,  0,
0,  0,  11487805,  0,  0,  602266,  0,
0,  0,  11448215,  0,  0,  583820,  0,
0,  0,  11450100,  0,  0,  566766,  0,
0,  0,  11556088,  0,  0,  623163,  0,
0,  0,  11597385,  0,  0,  546245,  0,
0,  0,  11592800,  0,  0,  606232,  0,
0,  0,  11435381,  0,  0,  621482,  0,
0,  0,  11635980,  0,  0,  562536,  0,
0,  0,  11577714,  0,  0,  537608,  0,
0,  0,  11468341,  0,  0,  537232,  0,
0,  0,  11375928,  0,  0,  653359,  0,
0,  0,  11341599,  0,  0,  524220,  0,
0,  0,  11253016,  0,  0,  523431,  0,
0,  0,  11335632,  0,  0,  541618,  0,
0,  0,  11421531,  0,  0,  582712,  0,
0,  0,  11355431,  0,  0,  581965,  0,
0,  0,  11457312,  0,  0,  558703,  0,
0,  0,  11485123,  0,  0,  643899,  0,
0,  0,  11402136,  0,  0,  588050,  0,
0,  0,  11352061,  0,  0,  608104,  0,
0,  0,  11478998,  0,  0,  612756,  0,
0,  0,  11212486,  0,  0,  579330,  0,
0,  0,  11320399,  0,  0,  573020,  0,
0,  0,  11560776,  0,  0,  610690,  0,
0,  0,  11699075,  0,  0,  656557,  0,
0,  0,  11668470,  0,  0,  587076,  0,
0,  0,  11159936,  0,  0,  638026,  0,
0,  0,  11402505,  0,  0,  680613,  0,
0,  0,  63949285,  0,  0,  600683,  0,
0,  0,  62016817,  0,  0,  621205,  0,
0,  0,  60476853,  0,  0,  737487,  0,
0,  0,  62614273,  0,  0,  714022,  0,
0,  0,  65506307,  0,  0,  664724,  0,
0,  0,  63974367,  0,  0,  645924,  0,
0,  0,  63019442,  0,  0,  728177,  0,
0,  0,  61500333,  0,  0,  821690,  0,
0,  0,  62907068,  0,  0,  744188,  0,
0,  0,  61693828,  0,  0,  698016,  0,
0,  0,  63875839,  0,  0,  715603,  0,
0,  0,  62007870,  0,  0,  707467,  0,
0,  0,  61664877,  0,  0,  750405,  0,
0,  0,  63118330,  0,  0,  739017,  0,
0,  0,  61285883,  0,  0,  723242,  0,
0,  0,  59874467,  0,  0,  738095,  0,
0,  0,  58847690,  0,  0,  790641,  0,
0,  0,  63069318,  0,  0,  742005,  0,
0,  0,  63207324,  0,  0,  824106,  0,
0,  0,  61104025,  0,  0,  760103,  0,
0,  0,  60952636,  0,  0,  733461,  0,
0,  0,  60161139,  0,  0,  802594,  0,
0,  0,  63159716,  0,  0,  822267,  0,
0,  0,  63438931,  0,  0,  832200,  0,
0,  0,  61924679,  0,  0,  902559,  0,
0,  0,  62879467,  0,  0,  814486,  0,
0,  0,  63802009,  0,  0,  931297,  0,
0,  0,  61974736,  0,  0,  846854,  0,
0,  0,  63261241,  0,  0,  847484,  0,
0,  0,  60662382,  0,  0,  898364,  0,
