99524611,  454823731,  650916733,  576814588,  558615962,  56798725,  1401910936,
103568085,  456622100,  656521340,  579642316,  562006641,  63139173,  1469538667,
104734437,  456316817,  648715597,  579282468,  559820989,  64511432,  1477237271,
91373472,  441966115,  749300253,  633464935,  604134674,  65827922,  1401910936,
90393669,  442613924,  745006751,  633693929,  610322397,  64699575,  1401910936,
89857615,  440123159,  746066898,  634667761,  608885792,  66823025,  1401910936,
89281391,  439523571,  961588027,  740186360,  710174947,  70318165,  1401910936,
91150084,  442024040,  960866389,  734547790,  710426593,  67424677,  1401910936,
92703363,  439978733,  960313399,  740080383,  705535611,  71639100,  1401910936,
97619051,  463738267,  1558885806,  941764648,  915609403,  72155325,  1401910936,
90446945,  460465089,  1563799165,  946175082,  910795231,  68894720,  1401910936,
97353223,  459049630,  1560804208,  948503352,  914302883,  73790726,  1401910936,