33019176,  50547043,  80921027,  66391321,  64827510,  10108957,  263047373,
33453158,  49435144,  79333454,  65664890,  64201612,  11399103,  261801582,
33345426,  49387575,  80243145,  67476301,  65381212,  10794813,  259758803,
33700945,  48925373,  78856297,  66158239,  64979218,  11446014,  259758803,
33111951,  48566828,  80570000,  68609214,  64432074,  11602530,  259758803,
33524248,  48478037,  80436117,  66709664,  64427493,  11781239,  259758803,
33866181,  49955708,  80504653,  66208613,  64968385,  11546218,  259758803,
32981020,  49208467,  80075039,  66458829,  65117327,  11938361,  259758803,
33447634,  49118627,  80738726,  66608178,  64631396,  12289936,  259758803,
33450016,  49476216,  80033409,  66690184,  64808803,  12621462,  259758803,
32305848,  51681835,  123739083,  94573786,  93365044,  12921687,  0,
31983150,  50999829,  123257859,  95597106,  94679222,  12043275,  0,
31285828,  51847277,  123511174,  95644034,  93160390,  11763107,  0,
32169885,  52987532,  123170624,  94728930,  90972528,  12663179,  0,
31030458,  51315512,  126154941,  92403902,  90617330,  12701269,  0,
32347490,  53582863,  122894534,  92030854,  90263368,  11971163,  0,
32748955,  51674855,  121561773,  93828328,  90845372,  12670818,  0,
30915807,  51803744,  120846496,  93246639,  90019283,  12159386,  0,
32254592,  51645558,  123415360,  93242707,  90256558,  13111506,  0,
31777367,  50962345,  124464590,  96650029,  90771229,  12832231,  0,
35259456,  61501996,  213891626,  150295544,  148439120,  12413570,  0,
32547310,  58581158,  213007217,  151762752,  151108455,  12936870,  0,
33738907,  61392866,  218679143,  153007137,  150324619,  12885243,  0,
34591072,  63393483,  218026938,  157347179,  149384581,  12849312,  0,
34789462,  60634478,  220387240,  151574040,  146459040,  13140689,  0,
33603511,  57442775,  217593060,  148628916,  145569161,  13047056,  0,
34853886,  60378748,  220603119,  147999990,  144770760,  13414649,  0,
35492510,  61920035,  216233230,  150106446,  150301756,  11871767,  0,
35652606,  58849974,  218689899,  152103819,  150609971,  13814069,  0,
35276803,  61398758,  218043717,  153706543,  146594161,  13976094,  0,
43256597,  80676114,  407511674,  260554043,  266934193,  12169505,  0,
43910328,  80648645,  410981645,  265851200,  262822674,  12820219,  0,
43631750,  78118667,  410403297,  260715518,  267382428,  12682648,  0,
43008246,  75525157,  415127910,  262958379,  257393194,  13470209,  0,
43451052,  84133864,  421676670,  261293530,  258796288,  13089503,  0,
43369667,  77727215,  415126031,  260574180,  258648512,  12697394,  0,
44223697,  78611105,  412772877,  267714736,  260435386,  13201926,  0,
45293245,  78121374,  422864357,  261006905,  264942174,  13580248,  0,
45559584,  77552328,  408797766,  262074215,  259963644,  12345680,  0,
44387301,  82179347,  405007283,  265411904,  256825201,  13064602,  0