0,  0,  96479,  0,  0,  16949,  114380,
0,  0,  96171,  0,  0,  16287,  87041,
0,  0,  95263,  0,  0,  16183,  85357,
0,  0,  94543,  0,  0,  16129,  84222,
0,  0,  95053,  0,  0,  16051,  85659,
0,  0,  101785,  0,  0,  16969,  91852,
0,  0,  88827,  0,  0,  15945,  82869,
0,  0,  89851,  0,  0,  15979,  82749,
0,  0,  89407,  0,  0,  15942,  83983,
0,  0,  89099,  0,  0,  16062,  82918,
0,  0,  88907,  0,  0,  16002,  84018,
0,  0,  88980,  0,  0,  15987,  83014,
0,  0,  89030,  0,  0,  16014,  83465,
0,  0,  89116,  0,  0,  16162,  83555,
0,  0,  105049,  0,  0,  16796,  80608,
0,  0,  100839,  0,  0,  16683,  89303,
0,  0,  93961,  0,  0,  16048,  81584,
0,  0,  96945,  0,  0,  16185,  102668,
0,  0,  96877,  0,  0,  16196,  88618,
0,  0,  96982,  0,  0,  16228,  88805,
0,  0,  452958,  0,  0,  104561,  551852,
0,  0,  454695,  0,  0,  102559,  494014,
0,  0,  433887,  0,  0,  102145,  574636,
0,  0,  440517,  0,  0,  102321,  572484,
0,  0,  402454,  0,  0,  101636,  592412,
0,  0,  435243,  0,  0,  103393,  607588,
0,  0,  435081,  0,  0,  100956,  578045,
0,  0,  432941,  0,  0,  102721,  577867,
0,  0,  445482,  0,  0,  102331,  578559,
0,  0,  443787,  0,  0,  102542,  599623,
0,  0,  447601,  0,  0,  101675,  592234,
0,  0,  468544,  0,  0,  99988,  574337,
0,  0,  467163,  0,  0,  102574,  548647,
0,  0,  467206,  0,  0,  103722,  549116,
0,  0,  466760,  0,  0,  101657,  548066,
0,  0,  466959,  0,  0,  102208,  552361,
0,  0,  448929,  0,  0,  102580,  544411,
0,  0,  467057,  0,  0,  103135,  548586,
0,  0,  467483,  0,  0,  100860,  547253,
0,  0,  474990,  0,  0,  101086,  548094,
0,  0,  1184465,  0,  0,  315840,  2328408,
0,  0,  1200757,  0,  0,  313975,  3104542,
0,  0,  1163600,  0,  0,  311261,  2601350,
0,  0,  1263841,  0,  0,  306514,  2460203,
0,  0,  1261826,  0,  0,  304570,  2135122,
0,  0,  1265989,  0,  0,  304294,  2132130,
0,  0,  1266263,  0,  0,  304091,  2136290,
0,  0,  1265547,  0,  0,  304084,  2135218,
0,  0,  1261723,  0,  0,  304815,  2135660,
0,  0,  1269132,  0,  0,  304146,  2133422,
0,  0,  1270398,  0,  0,  304066,  2132408,
0,  0,  1266652,  0,  0,  303835,  2135036,
0,  0,  1270674,  0,  0,  303913,  2136542,
0,  0,  1289390,  0,  0,  303955,  2072747,
0,  0,  1267301,  0,  0,  305369,  2261455,
0,  0,  1261439,  0,  0,  304903,  2233644,
0,  0,  1258663,  0,  0,  304949,  2233333,
0,  0,  1267100,  0,  0,  304057,  2234169,
0,  0,  1266271,  0,  0,  304177,  2231067,
0,  0,  1262007,  0,  0,  304658,  2233340,
0,  0,  2377541,  0,  0,  719328,  5219187,
0,  0,  2276568,  0,  0,  705163,  6646519,
0,  0,  2163307,  0,  0,  699543,  4901856,
0,  0,  2357469,  0,  0,  721933,  7285645,
0,  0,  2175694,  0,  0,  711749,  6879512,
0,  0,  2438713,  0,  0,  715035,  7930983,
0,  0,  2133941,  0,  0,  712468,  6114294,
0,  0,  2251809,  0,  0,  711872,  5008700,
0,  0,  2129456,  0,  0,  713714,  5422565,
0,  0,  2123610,  0,  0,  712045,  5170928,
0,  0,  2113521,  0,  0,  712521,  5106437,
0,  0,  2112206,  0,  0,  709394,  4640231,
0,  0,  2128081,  0,  0,  721782,  4632936,
0,  0,  2239351,  0,  0,  710531,  5273888,
0,  0,  2225268,  0,  0,  710310,  5671252,
0,  0,  2286432,  0,  0,  709238,  5238861,
0,  0,  2512236,  0,  0,  709722,  7624542,
0,  0,  2371193,  0,  0,  704402,  7663072,
0,  0,  2187692,  0,  0,  719953,  5679314,
0,  0,  2435032,  0,  0,  713664,  7549386,
0,  0,  5801387,  0,  0,  1345765,  10669772,
0,  0,  5536233,  0,  0,  1371097,  9316515,
0,  0,  5675794,  0,  0,  1348263,  12861681,
0,  0,  5925515,  0,  0,  1345547,  15259371,
0,  0,  5947826,  0,  0,  1338361,  13976324,
0,  0,  5931360,  0,  0,  1326379,  11523656,
0,  0,  5341792,  0,  0,  1350616,  13113749,
0,  0,  5584514,  0,  0,  1330050,  10154288,
0,  0,  4816273,  0,  0,  1340298,  11751697,
0,  0,  6175995,  0,  0,  1346474,  12079797,
0,  0,  4826979,  0,  0,  1327737,  10022590,
0,  0,  5685012,  0,  0,  1327862,  10868506,
0,  0,  5689958,  0,  0,  1340783,  10718021,
0,  0,  5029462,  0,  0,  1325956,  10928586,
0,  0,  5752253,  0,  0,  1342337,  10440572,
0,  0,  5425160,  0,  0,  1336588,  10436907,
0,  0,  5916871,  0,  0,  1335007,  10272851,
0,  0,  5288496,  0,  0,  1345547,  10700459,
0,  0,  5527776,  0,  0,  1342382,  9861367,
0,  0,  5622151,  0,  0,  1324276,  10010333,
0,  0,  8126480,  0,  0,  2276693,  17909539,
0,  0,  7970511,  0,  0,  2280980,  19410369,
0,  0,  8261063,  0,  0,  2264536,  17450967,
0,  0,  8291494,  0,  0,  2252537,  19223484,
0,  0,  7970931,  0,  0,  2278051,  18449082,
0,  0,  8143115,  0,  0,  2283764,  17376435,
0,  0,  7664771,  0,  0,  2266901,  16618950,
0,  0,  7285394,  0,  0,  2275728,  17452446,
0,  0,  7622947,  0,  0,  2282867,  21603807,
0,  0,  7456571,  0,  0,  2319753,  22528830,
0,  0,  7863939,  0,  0,  2282006,  19212848,
0,  0,  7952604,  0,  0,  2291592,  17964612,
0,  0,  7929701,  0,  0,  2325359,  27611019,
0,  0,  7998337,  0,  0,  2278494,  24069129,
0,  0,  8061732,  0,  0,  2308664,  21003217,
0,  0,  7102132,  0,  0,  2274514,  18532388,
0,  0,  7390997,  0,  0,  2282766,  15111897,
0,  0,  7037583,  0,  0,  2284346,  17790688,
0,  0,  7716316,  0,  0,  2279899,  18020461,
0,  0,  7323228,  0,  0,  2294348,  20583114,
0,  0,  10018886,  0,  0,  3568359,  32779779,
0,  0,  10041329,  0,  0,  3552502,  30643285,
0,  0,  9766161,  0,  0,  3582225,  29407841,
0,  0,  9917568,  0,  0,  3572457,  33581005,
0,  0,  9653919,  0,  0,  3575910,  31833379,
0,  0,  9461232,  0,  0,  3566173,  27922418,
0,  0,  10196834,  0,  0,  3543398,  28299556,
0,  0,  9900784,  0,  0,  3562479,  28094318,
0,  0,  9768563,  0,  0,  3574022,  26705444,
0,  0,  9722996,  0,  0,  3535821,  26887188,
0,  0,  9356157,  0,  0,  3538429,  30073327,
0,  0,  9762510,  0,  0,  3533229,  28040794,
0,  0,  9274758,  0,  0,  3548061,  25896984,
0,  0,  9742684,  0,  0,  3610628,  28242057,
0,  0,  9554455,  0,  0,  3572059,  33861816,
0,  0,  10767257,  0,  0,  3563042,  33648812,
0,  0,  9512024,  0,  0,  3565774,  35297857,
0,  0,  9245045,  0,  0,  3570888,  29918224,
0,  0,  9669485,  0,  0,  3596142,  27725309,
0,  0,  9705766,  0,  0,  3553199,  36007841,
0,  0,  13559470,  0,  0,  5342818,  40197124,
0,  0,  13647448,  0,  0,  5337268,  40301650,
0,  0,  13022832,  0,  0,  5307428,  40893612,
0,  0,  13468052,  0,  0,  5331005,  44926709,
0,  0,  13871064,  0,  0,  5320699,  56168901,
0,  0,  13874962,  0,  0,  5298118,  42258310,
0,  0,  13078937,  0,  0,  5320905,  38891710,
0,  0,  13338776,  0,  0,  5308932,  39670441,
0,  0,  13327741,  0,  0,  5294949,  42113815,
0,  0,  13298406,  0,  0,  5335144,  40911109,
0,  0,  13477805,  0,  0,  5312423,  49160688,
0,  0,  13285503,  0,  0,  5332208,  38739823,
0,  0,  12836908,  0,  0,  5314196,  40501145,
0,  0,  13405531,  0,  0,  5368057,  47502672,
0,  0,  13169487,  0,  0,  5331436,  35853264,
0,  0,  13348262,  0,  0,  5330789,  44893082,
0,  0,  13065009,  0,  0,  5327483,  54523239,
0,  0,  13562132,  0,  0,  5322351,  39955189,
0,  0,  13971616,  0,  0,  5352874,  39172489,
0,  0,  13168894,  0,  0,  5322234,  39930435,
0,  0,  17341592,  0,  0,  7514983,  61543780,
0,  0,  16995060,  0,  0,  7576566,  59969909,
0,  0,  17069809,  0,  0,  7566849,  53638405,
0,  0,  16742241,  0,  0,  7590288,  57118629,
0,  0,  17719878,  0,  0,  7518988,  54672036,
0,  0,  16571167,  0,  0,  7511825,  66114254,
0,  0,  17419510,  0,  0,  7472476,  58228518,
0,  0,  17317635,  0,  0,  7530013,  57950950,
0,  0,  18759493,  0,  0,  7564997,  54872776,
0,  0,  18393581,  0,  0,  7491056,  54206402,
0,  0,  17373693,  0,  0,  7502671,  56373261,
0,  0,  16943177,  0,  0,  7518513,  66043512,
0,  0,  17755248,  0,  0,  7582440,  58447045,
0,  0,  17555590,  0,  0,  7584443,  65043511,
0,  0,  17096778,  0,  0,  7621787,  84727784,
0,  0,  17448607,  0,  0,  7557375,  56670744,
0,  0,  17122031,  0,  0,  7537849,  57568232,
0,  0,  17672503,  0,  0,  7552011,  66720688,
0,  0,  17392978,  0,  0,  7590418,  60656433,
0,  0,  17486258,  0,  0,  7544231,  56897779,
0,  0,  22160869,  0,  0,  10313989,  87181553,
0,  0,  23431936,  0,  0,  10323108,  77934234,
0,  0,  21952207,  0,  0,  10245181,  91805415,
0,  0,  24938168,  0,  0,  10262224,  85555102,
0,  0,  23605531,  0,  0,  10276967,  85130363,
0,  0,  22910005,  0,  0,  10261314,  86989711,
0,  0,  22332382,  0,  0,  10348570,  98705088,
0,  0,  23918983,  0,  0,  10255751,  84371575,
0,  0,  24121134,  0,  0,  10269986,  81443510,
0,  0,  24883690,  0,  0,  10287811,  76971750,
0,  0,  23143779,  0,  0,  10292150,  81576263,
0,  0,  23048840,  0,  0,  10289647,  83445963,
0,  0,  22737328,  0,  0,  10337938,  82707040,
0,  0,  22475468,  0,  0,  10276758,  87303384,
0,  0,  22941594,  0,  0,  10256957,  82676578,
0,  0,  22554637,  0,  0,  10348052,  87638035,
0,  0,  22687402,  0,  0,  10380490,  81045332,
0,  0,  23132995,  0,  0,  10294363,  82755963,
0,  0,  25589613,  0,  0,  10307252,  87158170,
0,  0,  23502613,  0,  0,  10335423,  101493365,




