606332, 218, 18159553, 4660806, 432473, 342952, 20995761, 224081, 678663, 2882470, 444089, 48994925, 
452268, 704, 18336645, 4853654, 316838, 337184, 21772599, 233282, 650555, 2913756, 328028, 49878675, 
418221, 325, 18328313, 4478602, 298869, 331527, 21416460, 224226, 643834, 2760453, 309813, 48911774, 
378744, 403, 18820162, 4597161, 311056, 335617, 21517882, 234448, 650076, 2825585, 322014, 49682092, 
434450, 336, 18071311, 4821791, 299925, 328824, 20775206, 219452, 640817, 3072419, 310650, 48675256, 
790513, 822, 24455242, 2793680, 681733, 507237, 19887872, 405880, 567908, 1733664, 688004, 51830822, 
813268, 861, 23753420, 2801096, 695258, 513419, 20157488, 404344, 569511, 1681921, 701333, 51396661, 
751177, 813, 22981881, 2713219, 692883, 506478, 20319658, 402369, 568329, 1587425, 698794, 50530143, 
560036, 866, 23353936, 2788373, 691956, 512814, 20279766, 402378, 569687, 1646157, 698029, 50812042, 
621556, 810, 24903820, 2861666, 712978, 516209, 21106433, 406557, 574143, 1648293, 719272, 53358759, 
967240, 2238, 33817834, 2125645, 1115925, 814720, 18448986, 718651, 573608, 1101696, 1119486, 59690104, 
1285991, 298, 37192261, 2075257, 1110315, 785586, 18403739, 724545, 558962, 1078255, 1113779, 63218673, 
993380, 556, 33711265, 2114919, 1100321, 800893, 17870699, 714056, 559746, 1218489, 1104275, 59088278, 
1263905, 420, 33780719, 2192737, 1141114, 818681, 18985489, 715049, 561502, 1174154, 1144610, 60637266, 
1313260, 256, 33680621, 2063606, 1098310, 808332, 18668874, 715270, 556206, 1093014, 1101863, 60001302, 
1812088, 303, 55465791, 2077608, 1945127, 1483468, 15718025, 1026774, 627580, 816552, 1946933, 80975122, 
1829941, 243, 51906295, 2071238, 1998542, 1506002, 16720980, 1057407, 623502, 757506, 2000442, 78473556, 
2424116, 157, 54303239, 2097895, 2001550, 1550799, 16260077, 1067537, 619322, 761339, 2003784, 81088265, 
2148347, 174, 59265208, 2033659, 1960287, 1504860, 15967662, 1019507, 621372, 693930, 1962437, 85217156, 
1799998, 163, 57797615, 2092550, 1987107, 1486605, 15752125, 1031696, 615409, 755802, 1989148, 83321111