16384, 256, 62, 341292, 0, 3.86849e+07, 1.59134e+07, 2.40136e+07, 1.30837e+06, 76437, 8.03379e+07, 5116, 180315, 2.60581e+06, 57353, 2.70508e+07, 8.73522e+06, 5, 50108, 3.86848e+07, 224, 0, 53, 126643, 1.41915e+07, 22, 1.57086e+06, 23987, 1.59133e+07, 
16384, 256, 123, 410766, 0, 3.79028e+07, 1.56645e+07, 2.36519e+07, 1.3134e+06, 75738, 7.90192e+07, 4138, 182621, 2.60802e+06, 61766, 2.63684e+07, 8.62613e+06, 0, 51594, 3.79027e+07, 228, 0, 31, 127492, 1.39375e+07, 24, 1.57507e+06, 24099, 1.56644e+07, 
16384, 256, 5972, 408264, 0, 3.89738e+07, 1.58026e+07, 2.39984e+07, 1.31682e+06, 70747, 8.05766e+07, 4505, 184722, 2.63056e+06, 57822, 2.73423e+07, 8.70299e+06, 0, 50829, 3.89737e+07, 222, 0, 8, 127665, 1.40612e+07, 8, 1.58912e+06, 24332, 1.58025e+07, 
16384, 256, 75, 423607, 0, 3.8404e+07, 1.54972e+07, 2.3548e+07, 1.31358e+06, 74450, 7.9261e+07, 3523, 179588, 2.59504e+06, 61227, 2.68593e+07, 8.65315e+06, 0, 52081, 3.84039e+07, 215, 0, 10, 125839, 1.37445e+07, 24, 1.60213e+06, 24460, 1.54971e+07, 
16384, 512, 841, 768550, 0, 6.64119e+07, 3.28821e+07, 2.161e+07, 2.25346e+06, 74063, 1.24001e+08, 2683, 153733, 2.97848e+06, 93863, 5.22683e+07, 1.08595e+07, 0, 55383, 6.64119e+07, 143, 0, 4, 194499, 3.07273e+07, 4, 1.92969e+06, 30365, 3.2882e+07, 
16384, 512, 425, 891072, 0, 6.48092e+07, 3.23369e+07, 2.17071e+07, 2.24297e+06, 79237, 1.22067e+08, 1147, 152164, 2.97264e+06, 95482, 5.09618e+07, 1.05698e+07, 0, 56153, 6.48092e+07, 146, 0, 7, 189922, 3.02565e+07, 11, 1.85959e+06, 30653, 3.23368e+07, 
16384, 512, 364, 680961, 0, 6.77013e+07, 3.43611e+07, 2.23932e+07, 2.22616e+06, 85065, 1.27448e+08, 1230, 156718, 3.07733e+06, 90702, 5.33864e+07, 1.09343e+07, 0, 54574, 6.77012e+07, 273, 0, 3, 195067, 3.21681e+07, 13, 1.96751e+06, 30080, 3.4361e+07, 
16384, 512, 445, 516477, 0, 6.67672e+07, 3.39379e+07, 2.21884e+07, 2.23348e+06, 82771, 1.25727e+08, 1148, 155072, 3.08136e+06, 92819, 5.27058e+07, 1.06748e+07, 0, 56081, 6.67671e+07, 158, 0, 5, 200437, 3.18028e+07, 18, 1.90365e+06, 30804, 3.39378e+07, 
16384, 1024, 1406, 1.40429e+06, 0, 1.17781e+08, 7.29287e+07, 2.07204e+07, 4.02446e+06, 83967, 2.16945e+08, 589, 142051, 3.51133e+06, 130633, 1.00524e+08, 1.34126e+07, 0, 60543, 1.17781e+08, 79, 0, 30, 310183, 6.99122e+07, 8, 2.66815e+06, 38017, 7.29287e+07, 
16384, 1024, 1347, 1.1096e+06, 0, 1.23655e+08, 7.4162e+07, 2.03907e+07, 3.89431e+06, 74484, 2.23287e+08, 590, 148791, 3.38852e+06, 125112, 1.06118e+08, 1.38146e+07, 0, 59527, 1.23655e+08, 81, 0, 4, 297462, 7.10953e+07, 11, 2.73183e+06, 37312, 7.4162e+07, 
16384, 1024, 1387, 1.634e+06, 0, 1.25061e+08, 7.74679e+07, 2.04156e+07, 3.80531e+06, 86922, 2.28472e+08, 586, 147923, 3.43277e+06, 126876, 1.07441e+08, 1.38512e+07, 0, 60327, 1.25061e+08, 77, 0, 15, 309984, 7.45094e+07, 20, 2.61174e+06, 36691, 7.74679e+07, 
16384, 1024, 1424, 1.44745e+06, 0, 1.17535e+08, 7.36596e+07, 2.07895e+07, 4.059e+06, 91772, 2.17583e+08, 613, 141871, 3.35588e+06, 126251, 1.00587e+08, 1.32621e+07, 0, 60911, 1.17535e+08, 80, 0, 7, 306898, 7.06134e+07, 4, 2.70242e+06, 36730, 7.36596e+07, 
16384, 2048, 5651, 2.312e+06, 0, 2.34127e+08, 1.55473e+08, 1.73973e+07, 5.83057e+06, 98840, 4.15244e+08, 400, 153123, 3.90833e+06, 147935, 2.13708e+08, 1.61472e+07, 0, 61846, 2.34127e+08, 61, 0, 33, 384131, 1.50644e+08, 18, 4.40458e+06, 40038, 1.55472e+08, 
16384, 2048, 5494, 2.28698e+06, 0, 2.32358e+08, 1.56538e+08, 1.72706e+07, 6.07484e+06, 94141, 4.14628e+08, 380, 147880, 3.80698e+06, 148683, 2.12146e+08, 1.60442e+07, 0, 63516, 2.32358e+08, 58, 0, 68, 410164, 1.51643e+08, 13, 4.44464e+06, 40087, 1.56538e+08, 
16384, 2048, 5959, 1.78152e+06, 0, 2.28416e+08, 1.55791e+08, 1.70208e+07, 5.67018e+06, 96344, 4.08782e+08, 387, 145309, 3.84788e+06, 148157, 2.08252e+08, 1.59616e+07, 0, 60910, 2.28416e+08, 59, 0, 0, 392070, 1.50806e+08, 16, 4.55247e+06, 40358, 1.55791e+08, 
16384, 2048, 5643, 1.86094e+06, 0, 2.33814e+08, 1.55742e+08, 1.73582e+07, 6.37301e+06, 87897, 4.15242e+08, 412, 159050, 3.82079e+06, 151309, 2.13389e+08, 1.62335e+07, 0, 60009, 2.33814e+08, 67, 0, 30, 396747, 1.50908e+08, 331, 4.39609e+06, 40380, 1.55742e+08