453810, 174, 18761074, 4315981, 319506, 336332, 21205943, 223803, 66027, 2543173, 323589, 48229906, 
404932, 260, 18350424, 4217645, 328173, 338740, 22294019, 231824, 70062, 2449906, 332284, 48690096, 
404722, 274, 18117975, 3889509, 321528, 333498, 22169346, 246632, 74255, 2306707, 326106, 47869024, 
415484, 326, 18099442, 3968624, 314223, 332209, 21708362, 226196, 70223, 2272242, 317575, 47410683, 
634008, 849, 24043028, 2221628, 741183, 505592, 21106837, 416434, 66894, 1168504, 742781, 50906555, 
536974, 735, 24868837, 2158568, 746235, 504665, 21074137, 416376, 70224, 1120199, 747989, 51498704, 
683148, 909, 23572878, 2130022, 732904, 503207, 20912601, 414933, 70600, 1106034, 734712, 50129044, 
742936, 745, 23205433, 2187406, 734279, 496645, 20923651, 415560, 69114, 1181881, 736054, 49959425, 
1368923, 2008, 33116726, 1513074, 1142133, 790114, 18758848, 722739, 124544, 622503, 1142984, 58162463, 
956446, 239, 32459037, 1511580, 1129482, 786874, 18583548, 729304, 119530, 655793, 1130321, 56932672, 
1012637, 1450, 33757142, 1503040, 1138145, 803298, 18948503, 726753, 119069, 619658, 1138983, 58630533, 
1205615, 208, 32466849, 1522514, 1144560, 791042, 18760526, 731794, 106719, 632046, 1145384, 57362697, 
1820246, 92, 51695630, 1556853, 2055649, 1509311, 16111498, 1093296, 265953, 430362, 2056061, 76539302, 
1755270, 104, 53869069, 1520077, 2067702, 1523233, 16033781, 1081287, 256809, 361077, 2068137, 78468844, 
1819013, 109, 54433481, 1524592, 2052784, 1490158, 16244694, 1086098, 254284, 340382, 2053192, 79246003, 
1792004, 98, 58624893, 1528086, 2098862, 1463121, 16212963, 1012060, 249813, 347439, 2099299, 83329770